1000
5234025191449
607512218670351
201858590
412
22
281187569367
41
8250267256092
652402233393056
230136490
09042731666494
6526936332
0418423627251
309243878
44
04985712561331
30
518754351390
1937
9432767213540
7126916542557
5774895744
42511300049
3714
98
1888287203596
207619554
7042193307188
63350115573
89286123
753
15193618736
29966301341
6299210187
1926164116
390459750645
4
11667380
200
263
3
3929
91370609175
0245
2
0115718969898
84664805064526
4200433505
011
756314268670541
134
3300241410211
068384759
29315835800004
722504125358
10340422572
22
91350101
282823659303945
386137476927894
87211854102
43
3
91667
538985
082503179
980562972282439
1
286
77148134513573
86013499
251
92
15286522725
5073
5810994618
849
408849691
213213868833071
20646599
4913693937517
8756092
6
97314
906372644
663163395620018
2983539089890
4997401012
35866713575053
60501007924
84657
7397701753
30223782562
12476261625
9900
461
2126197
3968778281
263962977
0757579237
2
3396995
9123
91294787399352
096
7371481
61655684
79008630703
4
1200
744808883490120
3
998
51278780611
03
25070078
85454208557322
138646854915
6939717458685
036542858454980
2351
9484153151
35223
194
26080553
27794238
90653
4210830962
57
758
33860819
31854350818
6251119861
160596494286
33117120969281
74832
32513
1149129721
13994584503196
35897
238822506
25907286983
902752592
6493427142737
201536
9712139646060
38889
06687662
669436694
0765
4970
74013960893256
060
18
88677226418643
8854408
7174974512308
545863325
07683449105
46
78592
25553683932204
614709865
566633886040935
3
528514440369
15644164
035
9
72916
47890129865
79
2769968854
39307808862115
9972989319500
66900
721683574
3880678351
52586116
11088
49347157616832
2067548
287
3679504604
5243
7598140
314995687805768
4
454518950158762
7
36213
26450
941795
10
50028625043381
278
310316556
1597
99
21215246880389
23282543694
0711718368480
5
571447766
823048
333262405975
94
21587693494713
181
54
426110
46768339
02123909
033641033068044
703358505130199
6587641905
714491
51120941
1207748177680
3254
002546152118
662523118402
34983
30971451428
69
645
58854
1846478019
4516401323266
838725040
49621666515
214658
240436
7
861
80
2027
88920
25274539
63
3346539
166
236367305
371
945598328714
09270
2849619122309
09
0579
7344450
31566236390067
4319
28824574513
062374327221
582445313
16986341643
5661438748734
22
62807860453976
93652673386894
7219029076652
00
5809915175130
84188927202
5395078251
696415190750949
18822909778053
73845748830
548
992318887701901
638277
95201925269
9627541
7426695
0503156
50517
542929731576905
8833483072
31347
23517521
9645165759076
3017317699
4983
237731106643
8711143643
64008
7
981
7909128666440
048446533
175818882860
2447209175169
01919321
896970
9178
6292733429547
052493
26
4
0
703134123
165
4979148
162629386285885
500
11290384076180
724357127788135
358173
9484436718
508140
049857897368234
73323417257
2105574761727
491845
45092326
0
381806007559
364238107253
7
88960
81176253103801
2
549111276358
9236947368
17
60286136536
91550757
2870701276
37641659124294
00014419850962
0108688049
1129261
67732
0848668
2331479382
4566347889234
09613
4039444
27
5
209856584273782
165399696362
19459674493580
82236591389627
34962627
17512135612488
1
97522
66129690959
74096056578
3084
9015372
2343743234704
980563
464816
114445
171303544497
22334722
854
5459728003617
03922949
37868668153678
70091087752179
8
1580385861
51
855960168
183097759130464
53849740786
89
684036
1
839614301
5780386536
377024260361411
15418064425737
6
486304
5982878
85100131873
699509236601
107
2320409
6964731346
27756090
70890747225
0833950665844
888756422539567
68481453309
064683858
097099368
2237216
070416
6683061873897
804965
2016
6135938
79214
930816757453438
068
68908658
68666
15
686278787
299547197
99516573214
113
866370551956565
1
918319321461
22357392727
40
3017406385724
7517149547
4746158565
0681763
10943
39636229458
8896918
69368
529
81395075382
08010000779
33725224139
0684
9
4868787261905
21393843512
201385
373684712
1292
22344
856256823
32113532467
64204
9844895970
6
029
5054872
24799
775451003209816
78
960950
8479537
433328989305
870015271
28970798
887415372040
087
0306834
768618437333
2736
6967446599
8612
4202003
4977409463717
94497
6177643062990
5
177703262631
49685443
87034768
245
32958787292412
19090676719575
067486413292
86
54101988219856
69
57
64315
5
8185398
6
54
45
23920399
277105665303
909416199538
9426709
1685800636
6118
657762734096431
613185774097
0430052634309
348859832024
832392795
71
884388419050764
3006325148
9543
123531
9809
011336954719043
130257579778
358837
5
3971983078
172
00838497507033
30
55
3785
513846107
2612
7
86749
259453754319379
519143626280
268120
784914055352864
8005603404452
75
99549
7431860028
9024508
450293
82
0462
2323
69462893339
9671727
585870710636
641208808
068165909
987157197927
47970035586
67
458005413
17
6874847255355
75
5
013
653020772
3368391846
3370229
677669765
06941082
6
27184
633311930109
51806521685014
199166810174723
1619
0410
075395
80
7406573843
776438
7312425444
84714
3145444495
6820888727
28281410034
86559008632431
6
103294
59976923482
60861435042511
52193
4
08122059405422
4203263948374
50766649490995
5215333
87597217974
9360854
398433564
56
717
419659
449316880090
01695509
28
40529
55554973772485
191500918147108
2
252605867
60460240747
90751
3327014
0
21546649
90420840904230
88
69058026088371
356
747811139555
32
68749021679
925
884201320
57050454927
1
781
595
33763702391797
93455072
63512964
214121893853
662182302984
885525952558
2593774290
438942
729462603332396
89467316275
24
6376223943
78173
5149291
57296856299
956605807533
8
46571
407
22949960408629
141876
283
35324723
0187991092
987886429254815
36318
815
294252221430
59624
7029183
0
79
1821244023875
94664187
2748653
2409687038228
79
273563
5890
493585072126
72747643809616
8630183
724543234315830
0403304
129
6613737729
0919966264
641707352420259
10251659543279
1328472
755034455780
04677836
9027399638
2616017883
42844301
07268900040
388
154148592499452
456107342013024
635345223
1378184263
15
3396837059807
36478
216825761
93936725
389511049
69155023983812
441
691761423957
318811593597792
1062228397220
61
970
17159754006
7199562838
0164288853316
865647160913192
45809849285
5495967825
671621
009431
880525
08874474
657
6785213674
784882570143656
343634010143
11588769
12465588037
0510214173
248795956
0413953
34084537
09499
0451
65245
45758
97619427325150
752474090366813
775287640
5045113586680
92620913746
24
52421074
6041801665210
164073637243942
319330452
62513
218521
92090569
98832273167
662018
48
0127285794
518340652656
0686384
587023355813554
66995519319429
23932067984627
251854112041
92919
405468
25857859
99
2571
8829
234416
556986558883712
007047825
2520896367430
4697152
16
9462666531407
1915533
979666326329232
46
55138
641
66501811
61904
831757746741
82320660984
83500337446
10051780
7
878141
111538278
898928661
5110245
276366410594638
3
83034066847
33164508
41124
8277240621
3594688131
22132273
82512107626809
123187470222003
75692
0769
70529
20731
08515061
714458614003
30030
44648223587
074525337544574
669
23615
61
25806095
3679
920403941
5124672568
803160709302
8880633966923
3
998
618
723
17984371745
42
993025814
4626873262754
9678854
066768255
7087
71870807522046
129933835519273
53446537726435
807029935736
980886995305486
39446
72180717196802
263864675
4
17
99654509
2529
7491405
57599
9
4557860
01800157580
94098466356
731171568
9330666227161
672360538842489
44678
875988064109283
5319641
3791118049
080403446
8104808302
4
625712
50868177
050661008600883
9815564810
8019308798991
00877
63735263
8898317490204
53614867458850
7488
3273
8168277
25806507260
437115
49724362
1
016340
132704420291
323531
996619296356
1757511185184
09211075
4468469
942
6
4034861022
1736
0928592343
6358
91261761680
325681860
70111645763
7349021494
18003
00674
029375063075635
1395837976
95794429743313
18768
3603
4473283
61350
979
027
6592
891417
93486
3407113234
19472374371818
378549695
704654404
9853493610
0
430
8634881876496
36544939385
17013
8296549
6
09233
87432
631375949892
176
64963092254032
49835334525
928590277
8241577721
15
134162530
062404284993
37648811247376
95397065453
631
90400247592
756200383
0358686568
3
06124190
081442372
73412024897603
454
662757
0715
61362
30485728
3533
9289
25082787
57018976687
581760178011
001574328
027423170024
320001802627718
85952983566511
9368
427772699
7175387607245
61773539
03843474406661
05732861
09440700338
2562
6775722563
66055
02168106
4356771605231
41255
4
6033
942370298
1820
9168
187
4975034483065
2288
26415
46159909264113
044519
7381301
02074267556
1
7516764290561
4136462093
6679583414
89
246507
2719
284507085
8934528
9813436
2
6810935153929
17
7036710759066
800431850580215
4658302779
673533
4
685428652808739
335
89033
19517870890312
2980858
3700920639
47795
39433960
08525982945299
416941294839
7128530389
9555451
3365131326
862403058
53335162200
2
360710949565
27402313173751
86542165818930
0054188
9714938
7133627
839780
45
31763995518
456418678357523
6862583814292
104602370011985
2331
6
22960
35
6449559
4
644684224738
6
28259948037
07003297
226
736932
918
105174004787
7255
84
245985571107062
611566113465
648756195471670
