2500
7036 4015 9420
1909 9175 5647
8260 4517 7656
2188 3032 2089
5528 2677 3335
8248 5340 7732
43 244 3880
6281 3695 9219
4824 7573 7787
2988 9135 6479
2632 5723 105
912 3859 249
6654 3242 4700
9478 3883 8937
808 2465 6578
80 6498 6292
1734 2205 1892
5897 2590 8531
4755 3566 5412
8066 5725 3420
8949 2698 906
4678 7502 7597
4739 7514 3748
5357 5297 6073
5076 1185 3649
3771 4945 3334
1918 3368 6
9684 7892 7649
6766 7912 1073
9210 8890 9591
9239 9086 4272
8885 5929 8069
465 1157 1371
5067 3536 4439
7015 1321 1122
1624 897 1270
2817 5692 7090
7711 9182 1008
4936 1260 9636
686 9277 603
1625 1716 4077
3208 3176 6778
5081 8829 6701
7647 6203 9928
753 2512 315
7701 6162 5776
275 5169 5046
7520 4072 8271
1582 8733 4102
5665 2449 8663
9768 2356 8393
9325 5550 5381
3784 2460 6408
812 3452 8936
9549 8276 5865
2145 9062 8745
8513 4565 4469
8413 6409 7935
6645 984 6254
7374 4753 625
2171 8394 5419
9369 9158 1494
2685 7179 584
4022 7162 7639
3251 6979 6872
4280 29 1040
1069 9068 8502
6113 8828 6903
9083 2002 4659
6251 8233 8967
4873 8709 139
1636 5894 7476
3847 6570 6282
2788 3153 9139
961 1789 3165
7271 3936 9495
5985 2064 8730
9469 9539 3347
8966 6693 3212
3813 6754 2213
6889 9486 5938
4468 3830 763
8922 710 2141
7334 765 8008
6100 6299 2458
6810 4928 4943
7458 4200 8106
6204 37 479
3944 1129 639
2650 3528 1832
2673 117 6454
7657 1597 8481
9854 7368 8144
7511 1394 4861
5377 9076 6929
1583 7728 4814
5806 5271 2806
4875 1168 9875
8128 9059 3232
1203 7051 9399
9856 2867 2750
4359 6238 6865
3088 9040 8822
8282 2720 2078
4233 3771 2386
5455 4378 415
5048 3836 4858
5521 8352 7662
7008 37 9956
3756 7662 6275
1158 6439 5222
2160 1005 7687
3517 4711 6457
8071 3740 2173
6137 1684 3727
4764 5103 9331
1149 7153 9966
6187 1318 6121
9560 3502 694
5958 3624 1861
9751 2882 9669
3247 8888 8188
5295 441 7984
9071 6372 7257
8694 3911 7286
6100 7983 6055
2954 1129 8708
6682 5859 8336
2043 1844 8022
7190 5405 155
9973 2653 7340
7277 6026 1982
3820 3483 7376
5886 8881 6000
8062 5761 8841
8034 9466 25
7589 5911 3844
2342 9070 2625
8041 1158 440
7493 6797 1099
9406 4720 595
3862 1906 6784
3683 4113 1257
1144 110 1227
396 4307 8455
2218 9635 8119
6155 3320 731
8095 4391 4154
9241 1614 2639
9444 9682 9132
6397 5822 4554
7308 8988 6656
353 1268 3285
1573 7675 711
1031 9808 2815
9663 1576 7113
2374 2310 1253
8723 9096 4476
3151 4927 4784
6058 8147 2426
9550 5419 1214
1956 6525 86
4525 3173 4426
5799 8774 2461
6611 273 5781
5455 4382 1052
5650 4824 1000
5768 75 8837
1074 682 8716
2670 6449 547
3204 7658 1991
619 8006 5099
7176 7179 7961
9950 7331 9505
2609 7138 5641
3572 4423 743
294 540 3573
2383 4339 6972
6356 337 3927
9553 593 8209
9208 1429 6252
1809 251 2838
7037 9156 5907
4239 5756 3286
1715 8734 6093
3546 6678 6953
8068 7969 7242
6816 3402 2585
1607 1171 8601
9208 3439 7746
1752 7263 5659
5630 4686 9408
8613 4901 3344
9212 3210 526
1122 8232 7742
6765 2391 650
6178 4818 3423
4993 8602 4309
5861 9259 2772
271 8729 1368
8094 1453 9292
3583 5029 9342
7598 605 4436
2110 6691 7834
9870 5423 7139
6344 1205 5853
2616 1100 2519
5155 2751 2291
462 9253 8467
3996 3559 2084
8345 4971 3537
736 9135 7184
7023 8272 8636
8380 1679 9581
7235 9107 2942
8583 2736 6810
203 390 2452
6617 3992 892
5422 6954 7289
6632 7040 4899
8849 272 7462
7025 6624 5029
1142 7182 356
5548 7800 2139
5585 1640 4348
4444 3135 2262
8321 6399 6008
9301 3111 4265
4696 8929 9919
1328 4758 8612
3714 3069 8701
1456 8284 8586
3395 5714 9589
2583 6197 5236
5837 1276 8643
5705 5325 8444
535 4162 3542
8032 6873 1391
7670 6173 256
6984 9832 1305
4874 4450 7942
5670 2145 7411
629 6884 9701
7260 3426 7240
1442 9626 7767
4482 9958 991
3041 3191 3883
9476 999 4004
4024 7301 9879
1706 9337 1219
3438 2764 5190
6591 4752 1692
6720 6441 7087
9139 1709 8289
5585 8386 6707
5926 9283 5075
8946 4670 6694
7521 3253 8031
340 7799 2655
5350 2697 7599
2523 577 1817
7163 998 6473
4796 6372 5345
8784 8822 8019
6827 302 7236
9932 4313 2913
2801 5321 4546
8776 2100 5582
4809 6737 5669
5446 9486 7312
936 9121 8964
6054 3807 6352
8303 3875 3965
710 844 131
4272 5263 7301
2966 3147 1810
217 381 6344
3998 8936 8092
2091 16 761
5081 806 7102
7128 3460 8335
530 1948 3264
1465 6290 4761
2817 6894 8525
2422 5323 4811
1292 1734 6539
3717 8727 2786
3688 5487 1561
4444 5857 1375
1103 5227 4660
6100 2490 3503
6550 7933 3702
5953 6560 4096
7874 2456 8748
9932 5441 4351
1682 82 3468
5038 3911 3127
201 627 45
8318 252 2302
8785 3551 3483
9928 6105 4464
8564 6646 3093
2791 9515 7637
2459 6403 4533
3603 8276 2815
5603 4906 4262
3014 2508 8900
3480 2852 5705
7798 5956 6310
5298 7126 2298
5545 2534 3295
3545 4524 389
9802 6833 9189
791 4153 4224
9140 2332 5433
3429 6440 3660
1644 6470 4532
9758 9197 5372
5658 5481 8734
8583 7668 405
8075 8719 2700
1088 1018 5463
4855 9781 5237
1239 5132 5924
2846 3253 418
8882 2254 6731
6339 8259 6032
3246 2580 8331
4629 1946 2783
1128 2250 5521
1461 3197 1216
1626 5688 3415
5523 3850 1033
1461 6112 4474
4863 9127 4789
2789 5547 3985
3007 580 4170
7632 553 9309
113 2747 1320
466 2075 8688
9669 5410 6533
1182 4861 9187
6581 2160 730
3244 3459 7856
3692 3587 227
6766 6360 8978
8113 981 5675
6327 6236 4339
3255 7313 2538
9865 4609 8799
8586 7499 9269
3346 2101 8637
9566 516 95
7783 9631 380
4364 6036 2563
3629 4258 9865
2423 1261 1925
9121 2015 4748
661 3943 3739
6215 2982 5288
9294 6971 444
1834 2169 7771
6599 8241 8854
8847 9331 8047
5286 5614 7654
7934 4793 2352
5853 8403 485
8435 3443 4709
3907 5979 6637
6324 2023 9123
2308 9988 9519
1020 6681 208
2594 169 9786
5431 5149 7549
9777 1267 6494
1223 2310 1676
915 4903 4295
7829 5314 218
9612 7377 7550
7977 7007 8484
5406 5075 5337
9858 1226 4677
8797 2374 2749
8813 6020 5427
7904 1646 4235
5503 6871 1414
700 1306 9539
9498 7923 9120
2310 5597 7320
3454 7893 5947
8222 2276 1269
1662 744 6854
3295 1010 1941
2478 8177 9427
4981 6040 8272
1180 8663 6543
310 4879 652
4285 3928 9956
8563 5065 8043
7277 6022 9641
2815 1121 7588
2878 1887 8458
4286 6966 6929
6969 9599 7672
2641 1075 946
9938 7460 4974
4244 3048 6418
169 4997 6221
2810 1511 125
5915 3635 4211
2567 4209 7272
8883 5993 7989
3681 1181 3623
9801 4224 3158
6136 9376 9387
9020 4540 9921
4269 3658 1800
3436 3692 1599
3147 1197 9429
4854 3600 4103
7228 2018 6907
6103 8179 5990
4930 5214 471
841 883 9784
2289 7343 4509
1755 5870 6834
7927 561 1244
1369 5822 9795
2408 5495 8870
3015 1460 2418
8241 3295 5394
1485 7806 3634
5313 3667 2586
1115 2278 7955
5305 2214 7150
9648 5521 8922
2103 609 1883
3027 8409 3435
6554 7431 9927
6963 1535 2640
9221 9691 3168
1720 6144 595
7768 8258 5054
4157 4019 4928
2260 4489 4863
4159 1629 4578
5127 4365 2390
2284 4784 2978
2874 2419 684
5769 9243 6837
4011 1007 8489
4503 606 712
622 8302 641
8144 1342 9594
6948 7335 1919
9342 2385 7577
4451 4024 1347
362 5419 6606
6480 2451 1641
9348 801 8676
3347 9960 6625
8444 2770 417
5601 497 801
7058 1350 6802
2698 8169 2610
3173 3157 8480
9360 8260 6268
1068 9352 3448
4090 277 9356
2116 7278 5953
9468 7197 177
3530 210 4670
384 2176 407
4824 7700 9027
1057 5635 6943
1699 2947 6681
137 7354 8991
7236 2967 8304
6478 3062 1967
1142 4996 3039
7922 6452 6108
6667 4026 743
5302 9968 9356
219 8697 4928
5458 8376 4927
1179 7458 5436
7915 3862 5781
9906 836 5864
9429 4770 9044
2587 5246 6102
8463 7445 6634
6772 4199 1005
4953 5344 2295
6479 9495 850
5635 7437 3682
2111 8068 245
2212 9981 1374
457 792 1935
4759 2734 4166
1687 7309 1266
5484 3443 2457
7862 603 3660
3170 5505 7861
5866 7445 8591
840 7678 5636
937 9318 6861
2521 3367 8876
6071 2850 6498
1956 4624 9142
7101 3208 7780
6419 3181 9074
4712 2754 9286
6687 2438 6975
5162 4186 5310
6612 6765 2074
5679 502 4747
3737 3118 5696
7550 5717 5502
4052 4772 3288
5803 7622 5259
4711 3199 5230
3200 8075 7495
5665 9634 9467
4184 9053 4156
2143 781 7505
178 7181 3920
1066 6286 8055
7255 3532 3882
7163 6409 6469
1632 3777 6706
2567 8558 6467
6870 6867 1099
2798 8244 6454
1865 2547 2274
2143 2860 9633
8446 4655 5523
4690 6603 8865
8530 5824 9150
2109 9274 6458
617 883 579
3555 9759 1718
9214 5520 5489
6755 3614 3747
4259 5578 9659
1808 6182 7838
9156 5319 9033
6099 4969 4184
4792 8978 6477
8476 5427 9011
6628 5944 4490
7839 9426 700
3584 6645 7492
9333 3122 6808
6542 9673 4435
2458 2637 6343
1993 4031 4618
7206 7671 891
4896 1306 8737
1995 4575 2075
7035 1624 1206
4582 897 1323
5259 4187 8132
2331 48 676
3281 2917 1465
6899 6690 3822
6360 6408 2470
2645 8530 4194
584 9971 1711
766 6918 3609
8000 1036 8741
4804 4477 6114
742 6151 2859
9660 2833 412
4034 2109 6012
7487 9747 1179
2550 4545 1681
554 4696 5080
1650 989 2227
6419 3388 3027
4691 1842 8075
9764 9918 8226
5149 7586 7481
1186 2143 7325
6224 6776 9444
3179 3144 9248
9720 9105 3060
6741 1467 4389
7796 4135 5133
4734 8309 2252
1313 77 9445
6391 4063 5586
5454 6411 9902
8864 8660 2876
2788 3893 5317
7341 3389 7608
1118 2732 1837
8650 1256 3977
9594 9255 3347
9398 5961 2054
6584 8985 6044
643 5483 7647
6530 4430 1103
4610 2472 6269
1783 3391 2638
586 8 227
2236 7331 3868
9937 1670 5577
6726 8678 1130
8819 6182 6768
2556 4435 2250
8984 7727 6243
1068 8365 6429
6585 476 9054
5413 1428 2383
372 3227 2973
4273 8173 3821
2394 6636 1542
4462 9018 1460
3839 862 1805
6082 4679 6413
3038 5634 1654
340 4998 8425
7967 3824 8453
6388 396 7640
1420 759 5544
1519 8783 6867
5817 6758 2220
5749 4930 6546
3863 7604 1564
5385 6064 4613
3452 3236 8052
4470 309 3758
6930 2318 9875
7440 239 3020
8499 332 9655
9255 8255 2884
7898 3599 2663
851 2158 2668
4987 9263 8881
4299 4899 969
525 5971 7808
7508 7816 9888
1750 6036 8786
1138 3129 4561
7179 1723 2280
5829 7653 4229
7982 7367 8850
3180 3439 9842
7724 2011 210
4810 3520 6833
6126 9191 3100
5863 1877 3450
3015 3371 8958
6499 4452 6599
7291 6544 8057
7178 4758 1928
1723 9112 4128
3050 5250 2489
2726 9465 8936
8122 5170 2058
2197 2457 3286
5098 7970 2674
8299 7961 2303
4634 6453 7435
972 4708 5867
3204 6816 825
2493 4711 8305
661 7170 5837
1895 8459 7117
7995 1353 4179
9086 86 2238
5280 7763 3816
5890 5096 4679
5242 2818 1554
7584 1109 4759
2895 1688 2959
1381 4600 9399
3239 6229 2346
7117 7924 107
5590 3570 4385
122 3231 2911
9592 1553 131
3938 5209 8089
398 204 1488
9088 8941 217
1463 8442 4751
7808 6718 1332
6038 9443 9773
5034 6315 7319
9602 1583 3869
978 9659 3495
3659 1062 534
9750 251 5854
1215 9964 7439
6320 7780 8262
9966 7643 1678
2280 1791 9873
3804 7237 5563
2877 7896 8863
1330 4310 4758
5089 5964 5906
8762 7016 5720
4311 8604 4023
5253 7177 7174
4101 584 7406
6171 1202 5060
9363 1758 4217
2597 3246 4763
690 3610 2715
38 225 4564
1923 8067 2283
3888 4061 7311
5515 8247 7613
6642 241 9518
6989 3692 9675
2055 3127 7229
1566 8365 3423
8236 8327 4951
6642 7809 1510
1920 6709 7254
4904 2901 6600
4587 9360 3828
1372 1480 6041
216 8951 2079
4566 6504 749
5935 5621 3058
335 8505 3010
2245 5022 1694
4355 2507 1588
5362 7403 2940
4898 9148 6466
4931 3684 8442
6375 8709 573
4007 9617 9374
5586 6625 7585
7009 1837 861
8114 3559 130
8652 4943 196
4524 3424 2156
830 5846 8661
2061 5307 2019
3048 8328 6584
6572 7761 4501
4101 7708 1109
8088 6855 2261
4106 6542 493
3740 6137 7235
7722 860 3866
8551 6196 8762
790 5171 1710
4140 1965 5948
9030 554 678
3160 7639 7025
3484 7966 1682
166 403 9244
2213 1895 2140
844 2911 4452
3896 7861 8557
3911 952 2559
1219 1697 9913
5869 918 4662
8428 581 1510
3987 5160 9998
9760 4152 646
4957 4363 8127
9422 2270 6285
6019 6026 6373
1577 3520 9294
4697 5078 8790
159 4289 7247
6414 6854 1753
9146 8954 6463
8301 3972 4549
3633 4023 6664
7867 4129 5184
9868 9991 1199
4067 1443 5643
721 7256 9589
3267 7359 2309
7400 2573 7852
2843 7148 8726
9587 3519 4740
8291 4358 1461
2777 5964 3769
1687 3567 3240
446 7648 6151
6563 2906 9616
2461 5294 1450
1135 9329 9736
2272 8524 5576
2412 6248 7855
2013 9372 6791
4440 3487 7622
8072 7267 5654
3310 453 9407
1270 6911 5139
7563 6552 9805
9183 9383 4838
9816 3559 1989
4681 3524 8634
7681 4802 1747
4400 2305 5834
8604 3092 6672
4561 8172 275
6216 970 3199
9053 1308 137
2707 50 4074
6658 3766 3008
6028 7324 7455
9130 2639 1383
175 4317 8446
82 4958 5752
161 1465 1730
8735 3997 3719
4917 6726 335
8960 6833 7999
8974 2775 9000
6653 2228 9720
6728 6448 4608
9276 8975 2236
8242 6512 1743
2022 8177 523
9498 4202 8592
3596 2467 1145
4559 5745 4715
7237 836 2819
27 5466 8857
9563 4696 310
7191 2755 4875
8047 2571 7669
6850 3472 9779
4669 7168 7664
9637 2356 9956
7144 9354 5303
2075 2413 3826
3384 2887 6304
8756 454 821
7280 5038 3904
3543 8002 1292
358 4330 2327
2379 3040 7749
1411 8126 8926
9787 8217 9283
5440 2332 7576
9178 5340 7442
3059 5991 4925
1885 8449 6369
5063 13 3488
6064 6052 2190
9820 7947 1767
6397 992 4144
9779 6871 6489
2622 4983 3974
8432 6326 6640
4295 8582 1549
5890 4106 1806
2756 7346 8537
2239 6213 9223
1848 4489 5179
9030 6055 569
7989 5574 2795
6581 9788 7992
4086 9503 1720
5990 2384 3535
8569 6556 7239
4621 608 7435
3971 6945 1366
2449 2976 5503
1243 5411 1818
8622 4692 7960
257 7846 6751
442 7063 5303
4870 4207 928
9503 9235 806
3843 6196 7445
6046 895 8777
2792 8568 5312
4489 549 6398
2885 8450 426
5591 9316 5289
3294 1627 9325
8135 5520 2170
3839 8726 2179
5660 7779 5345
1871 3940 4090
4947 2732 5876
6874 2917 4235
4328 7464 6354
4402 3749 3645
5208 1799 4582
767 4637 6499
4549 8635 3049
386 9509 3056
8238 3507 4960
6361 7843 6352
6754 8905 7565
3268 9184 7362
7111 1333 6056
6533 9306 8000
9279 7030 4753
6167 4781 3064
8526 1989 9590
7557 2617 2549
6989 5895 2770
4886 6911 4936
563 1845 5211
3299 6272 1470
6724 1444 5430
8158 8305 2688
2532 410 5895
3534 1817 5673
7650 557 2461
6256 2130 1718
1757 434 2012
292 9960 7130
4959 2431 8887
8825 6146 3536
3475 6643 9909
708 4720 1617
593 2196 7363
3500 6669 4618
7004 8547 6181
7149 8216 9974
922 7858 5045
9658 5099 3194
9342 2565 3679
2697 3328 2449
8055 3246 2621
8324 5433 6828
6258 389 776
3517 9113 4359
8513 6390 1017
5680 7114 179
1108 3041 2649
3930 2101 2665
3220 2687 2828
4985 4803 9141
8389 9939 7029
1116 1524 9155
1912 7280 587
1393 3386 1633
4766 2468 2861
8544 318 7701
7626 1004 1528
2472 859 2278
5678 4478 2998
70 4744 2711
9879 3512 1267
5659 3328 366
3497 7865 6780
4503 2618 3570
7212 1542 3554
1269 7766 3680
6640 8776 5045
3323 9513 2430
2546 4854 1620
4203 6098 3581
8173 5755 9506
3423 642 9327
7832 2876 6888
2189 2021 5388
7950 819 2247
1707 7047 1439
9432 7843 5553
1413 4321 4892
9684 1588 5628
9766 2998 3734
8869 8603 7030
6390 880 8615
319 3129 6672
2605 9756 7092
8536 4406 1872
6222 6756 6399
8173 8307 1240
4023 8436 5233
9304 7378 1650
9293 806 6965
6539 4550 6955
2939 9193 6775
3408 6612 810
9322 2498 6604
4977 2554 4181
4576 408 9516
6741 1615 7825
7467 6547 1786
1980 683 7212
612 6114 5692
8397 5616 8108
7187 8121 9962
7354 9887 332
1746 3482 7044
159 8124 8236
7577 1622 6212
8887 3788 6608
5583 8627 2878
9524 7067 2596
1879 9422 7687
5730 6448 5853
1405 1001 4747
6288 3070 4425
1511 8845 3168
2589 5810 3383
4527 3042 9928
373 7335 8180
388 6843 6362
2832 6765 3347
6880 5143 4046
3112 160 7804
8386 1433 9534
6245 5189 622
9310 7227 1908
3740 4140 7297
6164 7161 303
8476 284 4621
4227 1556 4526
206 284 8557
9900 8250 880
3385 5622 6403
6832 5962 1025
7879 9510 1486
9351 7362 4258
189 206 1201
6239 8909 7928
8177 9239 924
91 5210 8164
5562 9633 6777
8573 5515 9668
7355 7356 1088
4604 4447 3342
9769 1928 5024
2095 5353 4013
2489 4042 646
3452 2206 1112
9037 8890 985
531 859 5622
401 8199 4462
8329 7086 5944
6266 5135 6950
1486 433 1132
7700 416 428
8686 8646 7788
1693 828 8339
2323 4471 53
1899 9493 3181
5599 3525 8335
3339 1186 3740
736 7424 6786
3721 3077 1752
365 248 7741
377 1112 9765
6510 4575 211
4414 4881 2338
1576 5158 8609
572 8785 8439
5709 59 5204
8228 7926 7279
9135 7904 9136
69 5503 7531
8485 7715 2480
6673 3831 2104
6068 8826 7337
4413 4309 6173
8824 4031 1267
8615 4617 3336
6361 2885 9978
4825 5730 3401
2567 2709 2265
278 8852 5165
2838 7848 2969
5021 5708 6424
4719 4949 2037
7604 109 9737
1432 9272 7498
9448 5511 5712
6175 887 9785
1342 733 3070
988 9793 379
768 169 360
3021 8195 699
7657 6900 791
2613 7428 5258
8548 5116 8234
1317 5563 2088
4617 1816 7616
8767 6515 2489
8553 6821 3548
4835 3613 2727
8519 9907 8405
6473 3925 6141
7893 8583 1541
5975 6716 2230
498 755 379
5446 28 996
9837 683 5067
7914 9096 3967
9177 943 9030
8304 3654 5028
2792 6072 1765
706 1389 8147
9063 8402 4275
2459 5861 4418
7747 1792 6215
7916 3388 1532
1077 496 638
9730 8218 9417
9427 1145 718
5277 9258 10000
9995 5643 3635
6374 6698 5276
4380 1020 1041
304 1633 4660
6357 3045 5773
8285 8622 78
9939 1948 3540
6447 4795 8353
8797 2096 8151
4782 7564 8739
4086 6174 3799
3559 1848 4080
7320 6666 5215
2206 2753 7332
2144 6240 9354
5216 5457 4448
9297 258 2022
9689 9988 7891
4110 6725 4849
8250 8659 8363
6333 7892 412
1821 5259 5949
6873 4838 8184
3593 5964 33
7917 8249 555
4496 6401 7062
8946 187 371
6032 3747 4032
7898 3896 7761
9392 6400 6251
7201 9186 5667
8062 2943 4490
8647 5305 7981
8390 1832 6678
356 7778 4130
1012 6581 2062
2500 2715 7829
9036 1660 6138
6658 843 1839
1449 5321 6540
926 3243 8351
7934 2638 7027
4874 5974 7786
75 6731 9488
1500 9764 293
1691 2004 499
530 3986 90
9942 8493 9550
6221 9622 1331
4755 5268 2755
4109 9484 4209
4965 6968 7492
8178 6463 4512
6869 821 6416
4432 9750 2011
2102 777 9347
4774 4969 9844
6056 8117 8812
5479 3394 6990
2772 5773 863
3999 8777 797
3927 9610 5082
241 5295 4405
976 7221 777
1993 7906 1311
5516 6961 5121
5436 6375 2433
5135 294 8096
3865 7692 250
708 101 459
9590 8745 9256
3796 1381 1483
5368 6025 5503
2733 3994 4802
6832 7273 4538
2041 9221 6536
6556 7575 2282
9900 5647 1178
5683 578 6548
2390 5046 8706
918 8714 9810
2429 2455 6873
4693 1331 1578
98 7215 3587
3972 9243 5517
8080 6970 5609
9263 3641 9050
2514 1518 867
8724 9054 7819
8749 7697 7326
3306 3589 5307
3551 8637 3171
3916 6304 8017
3217 1662 2415
9097 2474 1478
6487 1017 2997
2487 8149 1408
905 4557 359
3544 433 8442
6890 3290 941
9816 6759 1723
9312 6833 1312
7941 7517 389
7683 1579 517
7335 8473 9864
5808 1229 2944
5469 5708 1362
6790 7939 6150
1487 5042 2210
545 6070 5437
3247 2579 6778
8126 2300 8568
1133 2985 4181
2242 2723 608
9271 5620 2528
1984 3738 7314
5310 5521 7657
6480 1547 7169
1649 3275 8266
8145 3180 8825
2056 2390 5226
6356 7567 7232
8156 987 6737
4593 3285 2301
5296 6506 3243
1382 9646 3184
6521 1612 5109
5147 2215 1124
9798 6222 3961
907 7787 4023
7582 9904 3429
2419 7869 701
6050 8435 4731
5450 4808 6086
674 6018 8940
1699 7128 7368
570 7095 4868
3049 6453 7083
302 1582 7778
5244 7280 9691
5793 1330 6802
148 6460 6334
9991 6600 3103
4032 4858 6178
2718 905 3024
4737 3002 8645
4056 410 7199
5351 3880 1532
3479 9864 5683
8426 7731 23
9586 4340 5083
4299 4204 269
2438 6914 36
6463 2783 7691
2279 6589 9523
4986 5960 2400
1455 9328 8350
4287 2515 8230
608 5680 9612
8684 2442 7981
1010 5303 3123
3293 3416 5123
8020 1952 2455
9436 8334 1839
8494 1286 1105
4155 4745 8253
4759 1685 9719
2176 9655 1976
4584 3478 3694
7737 3978 8904
6237 2645 2868
2189 5087 9673
1488 3406 4184
4318 2473 512
7585 5663 952
6473 751 4042
2216 7530 9026
3947 1157 3041
423 8261 6358
5136 8693 1526
1092 442 3595
8325 1491 7625
6556 2215 1710
8661 2946 6251
2487 6947 8604
846 3780 5519
796 468 2764
4028 9361 9691
7276 9166 6262
5050 9572 5485
4734 4942 4332
4615 8092 1640
9305 9311 127
9234 9380 5656
2852 3398 8367
5224 8312 8563
7133 6221 8692
8373 7947 3929
870 2974 8694
3674 7793 8646
8375 9403 7969
9911 6568 826
8067 3691 3043
3892 1123 9374
985 2185 5337
2255 3911 633
5381 4064 327
2565 1808 6841
1153 9509 6736
748 1096 6342
4762 6640 4625
5197 7052 4946
1969 8660 8268
4850 7099 9432
2173 724 6182
3246 1937 2259
507 6333 2436
3597 76 1723
5108 5653 9505
3429 2447 4438
6192 854 3625
175 8462 8849
8810 7316 9404
2194 7223 5361
3939 7540 587
6884 8017 5836
7503 2650 9864
8686 344 6587
2322 2366 7807
1236 8217 8673
439 1518 1576
6056 7555 4481
5565 7384 1686
37 6460 2762
347 834 7941
2626 6058 8622
4639 5764 8087
2518 1598 6492
3400 9697 923
1728 3623 5624
4861 3615 7682
3723 5412 4176
3426 1027 2283
5643 7508 1787
7302 4478 9044
8988 2755 8534
3897 6430 4758
4435 9197 9052
4791 159 7014
1209 8768 6698
5348 3189 5508
1195 635 5540
5476 1488 8174
4164 7158 5079
1774 1717 1247
4183 4309 3818
9795 4308 8800
109 5676 6397
1000 5011 5663
4158 6927 2018
5310 82 5149
4968 462 4354
7555 2254 3674
2347 3817 4495
5788 7423 5494
7387 2114 4605
9954 9251 1335
5040 7779 6713
8181 3112 698
7284 6666 4269
1144 1496 7542
4405 9807 1728
9569 2941 2572
1705 1762 7048
1048 3763 4180
4609 9745 2140
4346 9806 4482
5834 1608 7899
1562 2769 9480
9491 3823 4015
2349 7448 4527
4452 7422 1358
1770 7758 61
7883 3908 9935
5025 6330 7362
4855 2265 8140
2294 9828 1819
3488 3257 8141
4021 90 4631
3276 3996 4976
2086 833 9461
4600 2288 4558
6442 9604 6221
2167 4150 490
4511 777 3740
2537 1819 7269
4752 3947 4838
3510 9989 558
8463 5029 1671
3073 130 5892
1896 2015 9184
5859 2296 6010
1198 7434 5075
1324 107 1888
9004 6860 9850
5603 893 9329
5653 9082 9743
825 3311 4008
8508 4083 9768
6847 4032 7711
8011 5263 5729
9680 2137 3165
8199 9876 2640
5082 9049 2408
7312 9929 753
7233 1170 9646
1653 3415 5070
9874 9233 2697
4289 444 9350
544 513 7507
2329 6189 2899
4081 4609 4589
4504 3507 3397
1340 7232 665
8009 6118 4258
6900 3873 1420
1365 204 3549
3421 4870 7819
333 2081 6316
8591 7839 9542
7768 8408 7037
1194 6425 7999
620 3486 4852
8048 8732 8895
7488 6263 1232
3746 9743 7541
7491 176 2219
8374 2316 9809
8774 3613 2041
4422 325 3445
7970 2466 427
5347 6797 6273
7379 267 1307
4972 8594 1908
6291 8436 9335
6914 8151 4980
2985 6007 8831
1857 3646 700
6 2547 7459
2180 4846 1917
258 3234 8950
5954 2736 2424
4784 8640 3100
9992 8370 1213
2945 9025 7165
7859 6359 532
7442 3536 7558
6087 9559 1231
7933 2531 5830
4067 2861 1383
9972 5286 6339
8378 4403 2032
4992 3233 1810
6651 8370 3888
3069 5266 614
3971 8697 4540
4936 1428 3497
315 5544 7918
621 7187 9530
6629 9226 8878
5559 3324 4443
724 6118 9652
6913 9565 141
7482 5278 5021
1039 848 1456
4838 986 7957
7778 8749 8068
6475 9536 2184
2589 1705 9092
3238 7274 1375
4630 2226 5555
5645 2621 647
2050 2191 6325
2599 4783 5675
1641 7022 4861
6487 3831 1513
3008 3992 7605
1370 1749 7365
132 7768 7398
3892 1839 9205
7569 2000 5568
737 6204 7592
5336 9596 7797
7930 1656 9406
5873 1218 6688
5072 1461 1182
6422 8284 3027
8759 5432 4854
2797 9994 3350
1246 4837 548
6362 8347 5918
5925 8228 3990
9264 8074 9040
7650 1829 2986
5628 1562 8232
9810 3203 9219
6639 9000 7527
8381 6001 6732
9759 9907 1351
3896 8016 359
5033 1421 9946
6852 5371 2205
4522 2482 5476
6884 849 2139
41 3457 8683
4242 9134 6743
2792 5070 965
7581 5479 4943
5399 3637 4860
8524 2005 6702
4715 3487 6761
4901 7163 4363
8889 8126 370
740 8428 2247
64 8572 6985
5156 7252 9183
5606 6167 4915
6805 8733 955
9178 8788 8256
3023 2305 9892
18 8267 8770
3292 4735 2127
5108 9596 5013
2045 2898 2154
1308 5901 8722
8416 4764 7237
4083 6762 3281
4458 2741 4639
1398 8256 9926
181 9148 7850
103 4578 9432
8999 1642 3208
3542 938 4681
6206 4761 7455
6684 8991 251
3461 8205 5315
8647 6029 8470
1920 5648 3482
3301 7086 2694
6382 7143 6481
6518 855 1195
1735 1126 2307
7044 3606 1157
1346 5800 2548
5040 7738 2302
8847 8531 2769
3141 6859 6664
5656 7 2014
3428 8365 8699
3559 8309 7596
1549 1009 9200
2033 3304 5174
5691 7229 8521
7878 1465 2675
7237 7502 7207
4617 5599 2349
9867 2954 6316
9979 6541 3446
5002 6912 7480
6842 5714 7127
7848 8122 2204
3211 231 7753
8988 7263 8609
1022 1109 7758
1947 680 43
6501 997 9115
7573 8463 1723
6688 6361 2318
3888 8396 3762
1379 2900 7649
3397 355 5190
5464 1868 3480
3771 5753 6102
7535 2925 644
6557 1263 6799
4773 9659 6063
5316 5517 1639
9280 3389 9884
9384 2273 8083
2985 1558 2251
5507 9087 4736
9364 6389 1809
9522 4561 7838
7214 2822 2819
2553 6859 6458
4677 2114 6648
4843 9003 8977
8124 1592 6583
1584 8285 1870
4308 4357 1726
1883 4321 1505
2292 818 9498
2003 5476 7494
9253 9397 848
8823 2469 6116
846 1201 1690
2891 2053 7835
3281 1842 8253
6632 6745 9037
919 9612 2323
6445 8128 1763
5156 6154 9694
7100 3230 9319
7060 2750 6782
3971 3630 795
1600 9108 1873
7339 1349 5501
8555 152 3666
5943 1424 1404
9345 9055 8896
4084 2711 668
6086 507 1506
8331 8524 1834
4597 2447 3716
5229 8520 4743
2792 3682 5181
5425 1821 4888
3648 4919 798
5662 4864 5645
7628 7628 713
4382 3947 7448
1665 5656 7884
3770 2418 198
8559 3604 6925
2234 1672 7241
3655 7724 5311
8831 3593 5814
6698 8437 2513
5221 9797 2512
8888 2920 8264
4538 2696 7774
8875 3971 2107
7083 162 1775
7679 7018 4693
3576 1068 2285
619 4513 2046
9836 6244 7712
8712 7061 7267
9687 6976 2290
3795 1789 8230
3619 2338 5138
8637 7533 8572
7500 5790 7203
9789 2305 8987
5684 4272 3920
5712 9121 6793
1079 1114 9672
7420 5093 1900
111 9968 8756
3568 9904 1932
2638 7968 283
418 7265 463
8729 2403 1164
1543 9172 501
3142 1536 7102
9340 9310 7703
9144 8972 3087
5482 4870 7967
7643 2773 1609
7874 6949 7356
9614 7837 462
3665 9535 1062
4407 4499 6817
96 2071 899
2138 4123 3653
2113 9135 9661
219 1722 1401
8189 4067 2992
412 1509 1933
4769 5769 6763
6706 8366 7436
4613 1908 7031
220 743 6087
753 4502 8432
2031 6239 8541
1113 9608 5474
5678 1720 9549
5177 7842 2320
1715 2350 6764
3273 1792 7997
1740 4211 844
634 5731 328
6015 1402 1999
6771 4335 6368
8975 8461 3658
3445 734 1710
6283 809 254
6341 2726 6487
1676 5321 8052
4730 8756 1710
586 6264 9784
1843 1135 374
4422 5254 6788
9428 5995 7664
5441 2745 5745
1301 8908 4149
920 1523 1249
2310 287 6225
5738 1716 8622
9179 8907 4456
3688 8116 4825
2630 378 5528
8768 9772 4793
1622 4837 3065
1630 8464 575
6498 2322 1378
1380 75 4702
2582 995 8634
850 4370 8220
8539 5165 9945
5741 9778 824
6696 4797 49
1632 6302 5189
7177 9577 1433
9737 7171 69
8567 9600 7290
1521 1995 8404
3467 1344 5662
4726 2256 3860
9171 3961 392
5628 5897 815
9222 8696 27
1508 9877 3905
9571 4519 709
9384 3179 3883
5126 5911 1407
8751 2322 4638
1118 1064 9835
1476 1926 2279
9695 4087 9501
8085 6526 987
5972 6767 2611
7032 8301 9197
3133 6279 5789
7972 3967 8564
2449 5283 6854
2803 3454 8843
562 2089 2484
8390 1814 5812
6211 8898 7370
6720 6184 171
82 2644 3235
1116 2941 2381
5565 4299 5731
5285 3194 9597
7928 992 5665
1515 714 1290
7969 8450 1734
3826 6199 6471
2885 7274 4541
7311 1671 7647
5476 9794 4402
3209 8813 8990
7198 9387 3032
9773 3696 2786
4857 835 8749
4417 2031 958
938 2668 8545
6628 9565 7475
8666 8120 9250
5493 2448 8302
3362 6244 9556
9962 6902 1518
9467 9936 7280
5535 6184 3635
5383 5409 5043
8229 3833 9161
3683 2253 6628
3792 4240 6425
4901 4907 5789
459 5635 1946
3779 9308 8768
9165 5489 4674
7283 8028 5911
1406 2171 9923
6202 5322 9346
5294 7181 9608
1483 8181 3453
3558 9229 5821
8651 9776 9359
3077 1399 6195
6124 8284 2629
368 9655 5309
9926 5200 6733
855 9365 5247
1961 5027 1960
5122 3611 4364
2264 5296 3580
7604 8673 3081
5623 3062 3571
8604 9054 1054
6047 309 4188
3578 1433 5275
1770 8479 3438
2091 5625 2212
5947 1223 4483
3624 4663 7020
631 2035 2737
5142 8656 1396
3043 5966 7223
1033 1371 7727
2173 3374 1751
4229 1009 2572
4666 6474 171
6673 9286 3219
5690 632 8559
3989 401 9999
9345 9486 2634
1311 7610 5234
2384 2576 5212
5277 9155 7404
5581 6979 4680
2228 5270 5943
1483 6977 3397
5348 2605 3851
6122 4572 1812
5195 6265 548
7824 2576 8533
9910 9430 7476
2861 5179 1522
5660 7718 3958
9492 1803 1981
3173 816 6237
3866 4771 4211
2467 1648 8957
5020 542 8909
904 5567 5629
5827 3989 1451
6084 2923 8566
1359 9201 3538
4321 8501 8949
8890 3236 1105
3166 9755 465
8273 9442 8889
6602 1791 2995
8978 9928 3453
2276 107 4223
4478 8601 1475
8132 6883 3753
7404 3636 8027
7438 4670 7270
1526 9540 7061
9083 7116 7584
6623 5156 7447
1176 4390 2956
1512 655 2088
7565 4763 8146
985 6093 870
2548 7582 8706
8326 3946 8443
1105 9338 9485
6304 6377 7287
8912 5803 6482
5993 1235 6109
6534 2456 667
4520 7606 8698
4486 5294 2963
7138 7752 6643
6484 6585 4044
6872 5479 7065
8593 5564 3533
7465 1239 4457
1319 669 7998
308 3075 5117
8752 1296 9676
8064 5978 1338
4715 6720 9817
235 363 7288
9570 5450 8190
9689 3023 3806
6996 9847 3158
6180 458 7799
7946 9240 4909
2784 9855 9554
6959 9576 1386
9989 9091 335
3248 630 9122
1610 6087 1441
826 3666 1023
2400 8584 2728
6357 8450 9605
8053 659 4911
7964 2667 107
2709 6823 2404
7703 7756 9711
2898 9716 5628
5989 9795 8824
6517 2673 513
6426 7719 5513
2277 3640 1153
7236 5805 6886
5993 1933 9802
6249 4366 9496
9921 7249 3324
1517 1898 7083
677 8874 7676
7351 9107 2267
4586 7386 2713
5224 4153 697
9536 3545 3312
3400 4660 7697
4683 4334 4953
7765 5998 9923
1538 2381 9299
8927 1451 5453
7740 6910 8174
1712 2014 7032
7763 6820 3611
347 8046 1469
3279 6250 3990
9377 5764 2804
9351 9122 560
1928 5933 220
4387 996 5548
1328 3997 96
10 4399 7713
2499 5538 170
1480 3956 1969
2690 9735 6549
4909 1730 824
8891 9496 9037
4435 9723 5244
9160 5974 5369
9086 8040 6419
7084 8206 7043
9226 1301 3508
474 8243 9199
9019 6578 2394
9947 2315 1678
5287 8149 6581
6357 3973 3561
5897 7194 2446
4023 7341 7703
4034 3147 7768
9300 5514 4367
3464 1586 6322
3510 3831 4696
824 8979 2694
2765 6036 7294
8770 7500 9412
3740 1723 317
4216 5713 3313
385 180 239
5572 76 2441
2764 9850 8826
4092 1436 1749
6977 6087 3387
3525 3498 9597
9040 8657 5562
7327 6728 6465
6331 4803 3917
9707 7503 8321
413 1789 3435
3758 6768 5731
9792 4759 3624
1277 4895 3209
1081 8912 5711
6822 4846 4084
3517 539 6775
4808 8921 4413
2919 9237 3309
3175 7413 7641
9315 6347 3045
8333 9340 3114
2370 5365 7593
2006 1416 5059
5803 1783 2031
3218 7538 4659
4018 5808 469
5146 854 7566
7671 9721 5014
6493 4515 1212
9718 1319 6004
9214 5854 1593
7696 9884 5151
889 3938 1438
1719 2179 5386
7813 6165 4828
2969 2657 3524
1565 9104 8753
3643 5470 5766
4181 1065 8179
7883 9393 8491
6027 1194 4476
6316 7567 1802
3055 5808 8954
6444 5490 745
7171 4831 7924
8745 5216 6149
3271 7644 1945
1590 1494 9107
3980 8990 4830
5594 8520 492
5728 3505 6868
9048 3363 3524
7062 9913 9310
6062 8967 7103
7433 9050 6983
3482 6874 7935
5955 8137 524
7949 3990 1261
7818 1204 910
8417 810 3520
170 5589 3766
6980 6545 8841
711 3281 9555
6300 1511 7438
5488 1925 9599
9095 718 6451
1501 3445 1450
8542 8817 377
6248 8543 1995
2184 4268 7495
6389 2125 2733
3532 7799 9172
2781 3816 1525
4704 6221 4621
3289 567 3349
6100 457 2001
4948 4340 7492
5043 9242 1765
3955 5517 5061
11 596 2332
1370 8489 1450
1648 2891 1588
2514 9530 6381
1006 3000 6225
4256 9959 3617
1126 5159 7465
1938 369 3859
9849 2060 1332
9821 3940 2135
6269 3934 7956
5302 8613 4236
5046 9949 2215
5305 6128 423
5438 2143 1112
7549 2598 4712
7858 6926 3144
5702 2331 2782
2791 417 8164
1623 7461 4554
2968 6601 5429
3237 9880 1931
5551 9350 829
9734 4895 5285
5548 9887 7562
9702 6004 7912
5278 1204 8315
2368 6744 1573
9119 3484 1077
9700 6587 3152
9098 9120 5147
7177 9323 6884
5555 7760 1163
8860 4444 6112
5626 9412 3827
2579 1820 8980
3123 9010 9891
2826 6395 144
2680 4006 2887
30 5942 7054
6493 3117 6113
9477 4068 2349
7809 3660 413
3012 1377 3348
8681 5385 1204
2471 9714 7829
2841 1779 2553
9750 6287 514
1193 7656 6481
5286 3055 3288
5357 4603 6137
1888 3250 6634
1410 602 5021
2657 8297 5806
7270 7360 7457
7367 7983 3100
9925 1066 4908
6778 5508 8114
8479 811 8913
4600 8897 9066
7965 7352 7225
9432 4003 479
4978 1294 9253
7169 2099 5679
1229 1210 8512
3740 9068 8812
5184 2512 9383
4318 9571 120
1991 9311 9668
2934 7751 8241
433 8857 217
1287 6122 8762
7634 2751 1464
9788 7905 3492
695 3356 3033
5834 8530 3665
4935 979 4364
1503 1770 6306
7200 581 440
593 3313 2506
9410 4483 8235
6973 5505 8034
1298 4306 1687
4510 9679 4149
4816 8591 5232
3114 4871 7621
1297 7315 3076
7482 855 1759
8979 2457 5059
1759 3470 5732
4358 9551 1224
3609 8694 9207
120 5149 7767
7225 8805 8832
7601 233 6866
2012 6628 4245
6414 9334 5286
1914 7206 9586
5175 8870 7955
5565 7681 2334
8420 8935 4
1662 2222 6051
5575 4966 6261
8280 2365 5255
9571 5274 8350
4965 984 2222
6292 465 1076
6043 5684 7886
2367 9162 5403
2630 9411 4559
3912 5537 7101
4671 1121 4117
7867 9941 280
6330 2964 4200
5494 3644 4862
8988 6078 7625
2414 4745 7211
2914 2503 5140
7287 3080 7679
6581 1804 5523
9432 7953 2722
6597 6714 9572
6377 1434 9545
8260 2825 8953
242 9981 5547
6230 6249 7365
9038 6683 5943
2905 7285 5819
5270 2318 9118
7565 1888 657
585 8471 7037
1794 1654 4734
6054 2257 2845
3159 813 550
6963 5910 8505
1602 584 4019
6131 6564 3803
8944 4716 448
4892 783 8975
1796 1412 4360
6924 593 274
1382 1184 6802
3216 87 3066
7142 3632 533
426 3829 5522
4887 6814 6428
6498 2792 1102
3693 7766 7723
3066 8547 759
3606 5123 8831
2036 600 7194
10 3547 9535
2459 6050 9472
5761 960 6593
1256 2692 775
3995 8276 4425
3927 4573 5720
594 3499 7529
7249 5852 8965
4378 533 5315
6610 3026 7676
9218 5693 3376
3140 6487 9101
5796 9273 1664
3393 1677 8338
65 8454 8355
7766 5633 349
9204 9876 5813
5282 7264 4483
6366 3668 6722
5822 615 7236
8435 5092 8469
3079 2229 9027
5769 8894 6859
4523 1202 123
6558 7554 1487
7541 3003 2941
483 4601 6181
6247 8051 7710
156 9129 628
5302 6035 9516
5703 569 9930
6525 2451 9869
3724 4773 3649
6725 2924 8663
1771 5149 148
8983 8140 2249
2008 9810 9478
591 9884 5121
2240 1030 7542
8965 4198 2948
5339 1875 3365
348 3711 5281
6522 9894 7346
5065 595 6144
6412 6575 334
994 6401 6020
8680 8082 8211
4174 4039 8875
4196 2654 792
1916 3736 4794
5213 8764 2712
452 9974 8031
9498 4208 7723
3357 5566 610
487 734 6195
5692 2272 3807
5793 5189 1874
521 2181 8928
1477 2161 1146
8260 9023 1031
9616 9222 1845
4690 2496 2555
3057 6838 1870
4506 3218 8662
5203 7402 3258
7575 813 7608
3279 7669 5628
1714 2398 5573
1726 2213 757
1402 6129 930
9985 1975 9291
5108 5953 3290
2482 5540 9665
6677 1283 6843
7044 7989 4783
5384 8488 6548
8156 9419 3475
7700 2436 1062
1460 2404 2376
1508 8022 688
1257 9124 2893
1881 6573 6810
894 4444 8877
2703 7014 6402
4570 2386 4122
1279 9040 660
2590 2331 948
7711 6080 7807
8823 4118 4986
6615 1448 4703
1636 4249 1939
8055 7766 7186
4087 2167 3704
2200 9311 11
879 8310 5832
3067 9964 2296
8641 9049 1772
1496 33 7609
3521 2796 9587
4515 3343 1483
2391 3586 2472
6853 5534 4546
4662 6807 11
4076 7632 7414
7112 7425 1364
3799 2522 28
4225 9904 6058
2847 8717 7967
4085 6960 8409
4040 1470 5472
5020 4102 8658
2106 4597 8834
545 9279 9735
9427 3661 9700
9441 5384 5789
5544 261 5916
9923 5748 4987
2362 246 2643
5694 919 9580
5511 515 6286
5131 3603 9800
3905 3236 9738
8220 701 5727
1829 2669 8366
6165 4839 618
523 1169 8386
316 3563 9030
8912 750 5206
6541 1053 9479
5005 1299 7355
6721 1079 7207
5055 5195 8425
9529 8234 5531
4082 1049 3878
5608 9174 4143
4571 7069 7025
5966 2673 7284
101 9352 4910
202 308 8008
8698 9194 5479
8070 5680 2199
3877 8137 6322
6691 3561 9049
6955 6466 6243
6340 9966 314
1057 4490 1174
1017 8734 2194
2682 5824 2037
3830 1204 2558
6851 9777 6474
2700 8385 9756
564 160 1602
2783 7787 8125
8498 6776 285
2689 3533 1117
5783 8783 6691
6372 4519 4998
3589 6044 8934
8417 5291 3918
427 3182 1155
1778 1623 8050
9863 4618 3302
7208 7787 8898
2008 8820 9279
7495 9539 1051
1865 6536 8140
7218 7441 4512
4833 1968 4553
9145 7884 8560
5361 5592 417
7444 3614 708
614 8816 6375
8795 5186 7333
4095 6416 9092
49 7092 6873
6192 2474 6144
6043 153 3330
4 2759 3335
3858 470 6755
8201 5547 7886
6369 5107 4451
7845 4398 6418
495 5972 8764
1298 5911 5970
6219 8607 5048
9325 4128 4768
6691 3959 8982
7804 4995 5667
9644 8595 5996
4557 5839 7214
7335 3455 7007
7556 433 1839
5068 4321 9543
6730 5903 1329
2779 1776 6182
9139 1088 9369
2446 6754 6200
1163 9931 6236
5427 3896 3254
6280 3864 2149
6622 9161 8716
3348 233 3715
7918 8588 8914
9862 9424 6795
7642 5672 8241
9108 599 4927
3416 7067 1200
9181 165 2873
4258 1835 5855
9708 6479 9591
641 2799 1013
3902 3141 6752
393 7819 4851
6380 6378 9472
4800 858 8311
7382 2977 5207
3110 5814 5444
3066 1998 4763
4278 9543 3478
9322 2095 7243
1716 1577 293
1383 1413 1697
6432 1433 5908
3051 9140 5022
8560 7646 2759
4457 4158 8594
206 525 1100
8754 9444 6364
7730 1203 5220
9319 3580 4861
2012 6590 6434
5949 6933 3002
5414 8943 1746
4941 327 3409
8798 4612 2965
5579 8580 4674
1839 3547 7793
9509 4587 6737
7040 1596 9386
6315 8952 6144
3301 3796 8536
4923 7947 8814
7760 4694 2485
6138 5070 1673
4235 2342 4428
9434 9343 1679
5702 6645 1419
8819 8362 2216
3343 2524 7164
263 390 9510
8019 9967 8554
1118 4245 5951
3316 9608 474
9946 6214 6757
8359 8064 6508
3546 602 5220
80 6715 7866
3105 7433 986
8816 6176 4450
4537 2 8265
1065 7345 2936
8365 794 9155
7794 910 1680
9109 8753 3293
8517 5592 5008
1871 375 4767
4601 5101 216
7593 6779 309
3090 5734 9750
4617 3119 7564
6100 4650 2613
6190 931 9106
8906 4878 9774
3005 6057 6620
7193 4609 2269
5581 6179 9732
2405 2762 3466
1800 523 2392
9233 6814 9548
7742 4350 2374
4939 602 541
8319 5365 6502
8847 6595 5950
686 5196 5943
607 907 7948
6589 802 5185
9723 5550 97
2445 8099 4835
8542 8938 19
3949 3555 490
1049 9951 599
9079 3030 1046
5551 4428 2148
8902 8499 1168
3701 5435 905
448 6385 16
8932 1351 2329
632 6964 4574
5942 7809 3045
770 8260 8754
369 6456 1144
5504 4096 4425
4371 769 5870
8211 2001 3671
4208 5466 2078
3331 6971 3498
659 5840 2179
132 6706 8888
5702 1116 3005
4587 7353 6741
