10000
-373
271
362
69
-156
427
194
-341
-590
-111
-353
519
-598
-567
-18
3
-211
506
-426
263
-539
-302
-125
333
-563
-272
-597
-460
535
74
499
116
-44
45
-586
-404
88
193
-187
-371
-444
-374
579
-64
149
-558
96
328
-353
-493
543
-188
-231
-549
-442
-330
-193
-242
-161
-46
377
547
-382
2
-572
-464
-194
292
-31
410
-491
-476
132
-429
-200
-486
-382
-253
480
-414
547
-542
-291
-304
-444
-366
137
-576
-36
-7
122
405
-415
-589
-31
-409
74
-200
-223
83
-589
-3
-232
145
-185
3
-550
-284
-260
194
-534
-124
-337
-257
-507
-487
-530
-483
-232
54
-291
-457
-547
-531
-476
144
-196
192
-224
-537
-333
519
-325
-452
-242
-349
-575
-558
-254
-363
-288
-530
-145
-197
-295
-496
-164
-303
-182
-522
-454
31
-267
122
-168
2
-62
-307
-56
-125
-278
-145
-271
-572
-539
-281
-418
-469
-235
-235
405
-429
-585
480
-456
-211
-64
-406
271
-477
-111
-260
-505
-164
-385
-358
8
-509
579
-516
-470
-396
-583
-466
-523
-365
-455
-540
-415
-324
-361
-330
-233
-491
-371
-244
-168
-317
-374
-402
-69
-162
-581
-344
-475
-596
-111
-209
-487
145
362
-480
-307
-363
45
149
-546
409
88
519
-595
-335
-455
-339
-389
-397
-475
-333
-559
-339
54
-459
-237
-539
-430
-46
-454
-585
-460
-587
480
-87
-193
-437
-205
-551
-111
-571
-464
-253
-500
-352
-514
-87
-229
-351
94
-267
-58
-508
132
193
-454
-537
-406
-590
-523
52
-131
-599
3
-445
-56
-404
-473
-322
-199
-413
-264
-418
-454
-578
-580
-472
-393
-466
-414
-372
31
-442
83
-183
-185
116
-322
-370
-150
-235
-63
-237
-507
-411
-549
-496
-587
-258
69
-509
-406
-183
-562
-398
-444
-225
-581
-377
-305
-523
-382
-455
132
-303
-183
-282
93
362
-554
-418
-36
362
-590
-473
-587
-273
-537
-459
-44
-411
-380
-447
-291
-540
-581
-529
-523
-363
405
-556
-501
-462
-65
145
-352
-409
-393
-84
-414
145
-581
-397
-576
-280
3
-409
-509
543
122
480
-530
-443
-418
-44
-382
-284
-257
-457
-526
-286
-540
-462
-549
122
-237
-345
122
-547
-544
-257
-128
-304
-381
-164
-566
-595
-349
149
-505
-377
-168
-145
-199
-585
-84
-223
-550
-434
-503
-498
-486
-145
-560
-490
-323
-470
-380
-312
-448
-527
-295
-454
-345
-535
-3
-590
-430
2
-258
-56
-508
-452
-416
144
-487
-288
-548
-470
-522
405
-501
-337
-113
-385
-398
-512
-332
-598
54
-430
-588
-356
-537
-587
-201
-31
405
-514
-518
-302
-302
-474
83
-62
-459
-187
-518
-566
2
-323
-244
-546
-509
-526
74
-560
-351
-244
-475
193
-452
-434
-486
-437
-413
-255
543
-348
-211
116
-121
-93
193
-131
-470
-210
-295
-539
263
-338
122
-137
-44
-400
-483
-301
-586
-428
-231
-351
-296
-353
-44
-164
-442
-309
-596
-58
-558
-210
120
-438
-164
-447
-421
-537
-393
-201
-31
-433
-571
410
-349
-271
-589
-356
144
-444
-487
-389
-531
-496
-430
-106
-361
-481
328
-317
69
-487
-282
-581
-600
-339
-282
-418
410
-370
137
-389
-367
-507
-113
93
-444
-474
-211
-320
-296
-282
-505
-554
-566
-319
-459
-500
-243
-227
-157
-480
-87
-380
-382
-349
-253
-357
-3
-501
-302
-503
-267
69
-63
-460
-288
-558
-595
-296
-529
-194
-162
-346
8
96
-470
-259
-185
-231
405
69
-477
-409
-440
-589
-150
-501
-200
-568
-579
-185
-258
21
-271
-539
-210
137
-367
-556
-62
-512
-36
-334
82
-455
-581
2
-286
-332
-483
-457
-201
-481
-235
-271
-267
-271
-570
-124
-304
-437
-317
-473
-523
-445
69
-243
-194
-357
-447
-489
-459
-85
-429
2
-413
-137
-527
-327
-385
-410
-417
-518
-584
-236
543
409
-137
-382
-446
-374
-566
21
-156
-319
-474
-349
-578
21
-518
144
328
-281
-483
-433
-209
-46
-245
-363
-428
-205
-363
-446
-173
-343
-537
-566
-281
-228
-194
579
-308
-186
-579
-90
-183
-512
543
-560
519
-456
-547
52
-460
-335
-587
-332
-228
-434
-440
-125
-56
-543
-404
-309
120
-531
-330
8
-451
-550
-595
-381
-597
-231
-451
-111
-471
-489
-300
-131
-186
-267
-440
-46
-253
-366
-64
-264
-339
-499
-186
-349
-90
-126
-496
-483
-113
-233
579
-530
-223
-578
-437
-264
-330
-87
-578
-473
-188
-227
-276
-161
-404
-243
-524
-404
-492
-337
-194
-295
-226
-413
-542
-505
-338
-121
-555
-253
-323
-523
-457
-417
-511
-84
410
-233
-543
-472
88
-490
-164
-185
-363
137
-566
-516
-566
-149
-456
-535
-353
137
-548
-165
-262
-530
-111
-456
-519
-551
-145
193
-540
-201
-121
-201
-366
-235
-451
-585
-365
-185
-164
-559
-445
-540
-63
-262
-382
-333
-263
-312
-209
-255
-243
-254
-590
122
-31
-546
-260
-111
-341
-514
-566
-401
-210
-186
-295
-523
-344
362
-575
-226
-188
-201
-437
-44
-433
-401
-370
-459
543
-334
-486
-583
69
-296
-128
-503
-307
-527
-537
-276
-572
-578
-568
144
-553
-586
-442
-500
137
-460
-238
-188
-374
-346
-471
-576
-235
-204
-578
-255
-106
-300
-511
-539
-258
-499
-308
-226
-552
-307
-84
-58
-437
-338
-397
-341
-596
-571
-253
-481
-511
-324
-358
-280
54
-335
-236
-165
-237
-549
-398
-279
-358
-335
-590
-139
96
-344
-418
-317
-65
-474
-455
-588
2
-430
-578
-253
-574
-581
519
-462
-493
-461
-145
-247
-275
-571
-240
-113
-378
-149
-472
-341
-240
-121
-44
-85
-247
-486
-547
-535
-305
3
-145
-323
-472
-578
-482
-281
-499
-200
21
-334
-381
-126
74
-508
-113
-274
-591
-278
-56
-477
-491
21
-325
-150
-352
-64
-296
-511
-363
-479
-149
271
-491
-516
-302
-31
-568
271
-469
-475
-470
-267
-583
-226
-378
-554
-498
-240
-437
-600
-56
-371
-320
-296
-590
-211
-466
-529
-243
-194
-548
-451
-182
-327
-446
-139
-598
-592
-572
-106
-433
-353
-486
-508
-444
-514
-499
-527
-512
-514
-378
263
-334
-319
-232
-286
-84
-242
149
-469
-507
-319
-447
-371
-339
-254
-84
116
-582
-373
-454
-421
-291
-455
-396
-540
-537
-173
-466
-498
-185
-400
-443
-519
-503
-493
-505
-445
-356
-227
-322
-58
-540
410
-228
-556
-492
-228
-596
-492
-324
-456
-279
-578
-257
-187
-139
-335
-508
-253
137
-588
-196
-339
-338
-183
-337
-200
-319
-343
-173
-444
-459
-211
-204
88
-519
-286
-535
-365
-280
-165
-596
-165
-505
-554
-460
-63
519
-474
-197
3
-302
-450
-231
-237
-284
-548
-526
-304
-515
-516
-332
-496
-600
-341
-451
-188
-168
-590
-288
83
193
-455
-113
-589
-568
-31
-536
-366
-548
-264
-237
-320
-352
-188
-106
-409
-488
69
-209
-590
-325
-446
-574
-339
-209
-254
88
-226
-187
-264
-295
-84
-87
-556
-421
-397
-63
132
-543
-469
-487
-578
-505
-510
-242
-357
-87
-511
-162
-466
-381
-480
-553
8
-493
-361
-209
8
-225
52
-380
-282
-370
52
-523
-308
2
-486
-495
-543
-87
-392
-335
-243
-356
-393
-255
-472
-352
-46
-487
-590
-276
-247
-188
-562
-572
137
-372
-226
-490
-551
-499
405
-305
-200
-400
-443
-486
-527
-332
-422
-549
-58
-197
194
-334
-282
-260
-537
-284
-85
-65
-563
-570
-278
-501
-563
-511
-341
-365
-193
-579
-228
-396
-442
-590
-31
-64
-165
-302
-56
-553
-422
-194
-393
-535
409
-131
132
-284
-451
-473
-389
-341
-228
-491
-264
-139
-596
-199
-205
-556
-411
-267
-415
-302
-595
-225
-495
-196
-46
-495
-544
-582
-480
145
-489
-255
-264
-150
-351
-571
-303
-85
-225
-84
-304
-242
-210
-544
-335
21
-235
-333
-188
-225
-121
-455
-529
-150
519
-259
-310
-335
-477
120
-459
-307
-295
-598
-131
-273
-417
-598
-168
-279
405
-213
-451
-447
-558
-253
-213
-540
-323
-444
-487
-455
-483
74
-426
-558
-553
-197
-229
-150
-523
-549
-556
409
579
-310
83
-385
-543
-371
-193
-165
83
-466
328
-472
-233
-392
-44
-588
149
-515
-295
-18
-324
-199
-566
-535
-562
-236
-271
-531
-549
-201
-310
-433
-482
405
-401
-228
-508
-337
-450
-233
-582
-537
-295
-36
-196
-231
-447
149
-487
-599
-197
-462
-598
-455
-323
-389
-201
-310
-587
-554
-366
-240
-305
-183
-409
-337
-444
-475
-534
-373
31
-113
-550
-264
-461
-356
-508
-459
-428
-162
-309
-534
-410
-392
-371
-466
-464
2
-46
-370
-295
-226
-542
409
-397
-309
-352
-312
-562
-263
-491
-370
-333
-328
-237
-523
-264
-457
-124
132
-58
-558
-529
-576
-452
-46
-582
-537
-262
-586
-472
-18
-275
-503
-236
-434
-182
-451
-272
-367
-470
-527
54
-304
120
-492
83
-200
-231
-320
-499
-567
-229
-128
-322
-281
93
-349
-537
-106
-322
-549
-339
-93
-325
-455
-46
-509
-233
-286
-85
-382
-235
-3
-600
-237
-560
-286
122
-341
-509
-348
-280
-503
-527
74
-551
-157
263
-205
-335
96
-223
-586
-58
-402
-267
-124
-401
-125
-194
-445
-164
-402
-125
-320
-503
-194
-280
-459
-257
-401
-466
-402
-236
-267
-173
-357
-486
-404
547
-84
-472
-380
-479
-278
-493
-186
-456
-275
-225
-62
-309
-486
410
-509
-582
-397
-551
547
-257
-582
-568
-460
410
-156
-245
-300
-477
93
-434
145
-126
-243
-534
-164
-558
-401
-235
-584
-380
21
-503
-535
-231
-464
-69
-352
-173
-477
-106
-44
-281
547
-267
-196
-302
-459
-56
-437
-223
-349
-365
-491
-344
-36
-501
-372
-583
-205
-430
-413
-323
-366
-205
-437
-255
-481
-413
-371
-548
-428
-529
-560
-464
-594
-205
-201
-524
194
-240
-87
-451
2
-330
-402
-366
-592
144
-284
-275
-196
-547
-295
96
-345
-498
-333
-483
-433
-496
-507
-337
-328
-526
-499
137
-600
-461
-374
-236
-518
-361
-84
-445
-282
-447
-303
-444
-501
-568
409
-161
-451
132
-303
-482
-594
-351
-320
-530
-273
-459
88
-264
-253
-225
-543
-286
88
-157
-477
-598
-295
-488
-161
-87
-257
-475
-534
-475
-540
-404
-466
-466
519
-558
-492
-461
-84
-418
-237
-274
-349
-325
-332
-18
-278
-185
31
-370
-389
-156
-400
-570
-600
-416
-489
-351
137
-490
-209
-580
-56
-487
-460
194
-254
-527
-481
-482
-304
-486
-271
-351
-113
-595
-559
-121
-580
362
-236
-501
-481
-571
-228
-150
116
-581
-493
328
-555
-571
-125
-301
-232
-456
-470
-551
-204
-302
-338
-357
-204
-303
-499
122
-377
547
-493
-18
-271
-539
-371
-149
-488
-113
-308
-63
-402
-514
-406
-570
-145
-302
-587
-164
88
116
-580
-302
-374
-406
-560
-162
-489
-554
-225
-595
-320
-491
-410
-235
-226
-586
-260
-584
-320
-247
132
-150
-377
-36
31
-366
-587
-540
-503
-469
-585
-413
-576
-164
-572
-428
-328
83
-566
-406
-353
-434
-351
-312
-556
-433
-600
82
-586
-87
-46
-349
-592
-126
-537
-507
-448
-444
-591
145
-193
-516
-296
-576
-578
74
-93
-556
-200
-389
-224
-247
-187
-31
-185
-406
-507
-324
-210
-535
-519
-429
-522
-197
-56
-237
-205
-322
-442
-514
-469
-518
-544
-288
-303
-396
-544
-599
-295
-551
-44
-113
-443
543
-514
-244
-524
519
547
-452
-106
-301
-188
-572
-165
-498
-44
-523
-363
-409
-498
-460
-591
-511
-568
144
-389
-282
362
-572
-162
-594
-227
-592
-481
-508
-586
3
-591
-31
-213
-514
-483
-343
-498
-475
-379
-416
-194
-264
-459
-442
-243
-406
-65
-426
-542
-552
-320
519
-242
-566
-534
-185
69
-194
-400
-454
-273
-312
-527
-366
-501
-46
-353
-18
579
-447
-527
-242
-303
116
263
-253
-309
-459
69
-430
-69
-295
-586
-85
-323
96
-522
-333
-511
-229
-510
-280
-366
-444
45
-590
-245
-444
194
-450
-245
-330
-511
-164
-509
-588
-351
-320
-466
-450
-330
-334
-491
-421
-370
-193
-589
-507
-323
-443
-457
-544
-213
-524
-414
-317
-544
-392
-591
-451
-323
-580
-199
-139
-373
-462
-495
-372
-518
-555
-211
-225
-515
-480
-578
-510
-353
-370
-515
-599
-356
-470
-193
122
-339
-332
-461
-343
-447
-398
-548
-126
31
-325
-540
-414
-282
-599
-389
-523
-280
-530
-495
-139
21
-320
-406
-370
-410
-317
-582
-196
-211
-546
-426
-228
45
-482
83
-554
132
-205
-456
-529
-459
-308
-126
-591
-286
-36
149
-213
-322
-267
-455
-563
-451
-599
-466
-572
54
-300
-490
-542
-548
-473
-505
-537
116
31
-36
-588
-228
-495
-553
-400
-229
-255
-553
-556
-349
-31
-550
-240
263
-90
-570
-296
-554
31
-243
-225
410
-479
193
-510
-254
-421
-526
144
-476
145
-125
-380
54
-200
-503
-366
-264
579
-339
263
-568
-483
-582
-433
328
-113
-382
-572
-156
-574
-460
-553
-445
-156
-580
-238
-567
-414
-260
-229
-305
-335
-199
-304
-225
-185
-325
-200
-282
-295
-592
-418
-69
-193
116
-516
-182
-338
-575
-87
-322
-568
-236
-519
-473
-398
-574
-512
-323
-421
-235
-583
-352
-511
-509
480
-555
543
-264
-599
-413
-320
-257
-339
-303
-598
-446
-377
-18
-428
-254
-259
96
-599
-201
-422
271
-324
-451
-553
-442
-352
-598
193
-556
-563
-351
-205
-279
-428
-236
271
-519
-448
-480
-226
-563
-335
-63
-240
-274
-164
-322
-351
-582
-400
-226
45
-339
-173
-137
-599
-398
-161
54
-559
-90
-296
-481
-583
-531
-589
-317
-515
-581
-406
-323
-185
-404
116
-473
-537
-156
-404
-106
-416
-162
-553
-401
-262
-524
-443
-262
-145
-539
-183
-512
-397
-555
-274
-546
-410
-233
54
-257
-111
-296
-491
-582
579
-327
-157
-389
-469
3
-507
-232
-536
-65
-185
-446
-317
-527
122
8
-558
-562
263
-438
-498
-438
-345
-46
-90
-576
-559
-264
-374
-404
96
-580
-476
-367
-319
-3
-578
-508
-530
-274
194
-242
-204
-471
-309
-530
-333
-332
-393
-595
-291
-286
-389
54
-522
-527
-373
-351
-211
-200
-580
-36
-273
-534
-488
-288
-182
96
-194
-514
-499
-31
-377
-455
-63
-511
-262
-128
-235
-260
-232
-194
144
-247
-377
-426
-418
-490
-36
-493
-325
-452
-567
-444
-280
-320
-183
-213
-111
-199
-498
-580
193
-459
480
-335
-570
3
-397
-552
-578
-193
-378
-295
-380
-157
-551
-131
-544
-210
-578
-556
93
579
-531
-211
-530
-113
-480
-584
-503
-496
-421
-161
-353
-291
-324
-440
-296
-121
-381
-327
-542
-543
-491
-194
-527
-464
-231
-93
-474
-413
-426
-237
-320
-597
-594
-291
54
-126
-106
-446
-244
547
-275
-211
-509
-330
-534
-226
-279
-258
-188
-303
-341
-274
-232
-274
-385
-400
31
-247
-337
8
-481
-437
-125
-477
-201
-472
-586
-482
-410
-590
405
-106
-300
-231
-228
-18
-382
2
-531
-301
-305
-499
122
-559
-205
-414
-193
-474
-413
-260
-18
-272
-584
-284
45
-210
-259
-259
-183
-396
-210
-276
-576
-595
-527
-558
-320
-531
-466
-372
-339
-542
-401
-204
-323
-196
-150
-486
137
-515
-307
-378
-505
-537
-598
-523
-493
-487
-281
-509
-499
-371
-255
-519
-223
-199
-276
-338
-446
-273
-590
-18
-106
-237
-200
-496
-56
-595
-240
-348
-406
-213
-64
-348
-262
-554
-482
-18
-31
-345
-413
-137
-332
-554
144
-187
-585
52
-131
-149
-566
-242
-305
-233
-245
-589
-229
-595
-576
-228
-200
-508
-209
-263
-121
-469
-428
-450
-460
-348
-124
-594
-247
-452
-592
-370
-370
-492
-539
-438
-333
409
-65
-498
-543
-397
-93
-450
-530
-288
362
-351
-253
-444
-137
-451
-451
-558
-361
-307
-139
-446
-90
-385
-244
-343
-518
-263
-472
-121
-379
83
-501
52
-284
132
-223
-553
-428
88
-400
-254
-562
-592
-466
-597
-479
-438
-370
-63
-372
-210
-589
-385
-586
-188
-600
-481
-373
-588
-280
-223
-415
-164
52
-539
-335
-378
-475
-183
-286
-332
-124
-194
-274
-446
-589
-496
-505
-322
-150
-586
-415
-456
-524
-90
-231
-213
-482
-168
-348
328
271
-273
-495
-590
-335
-382
-515
-556
263
83
-225
-530
-529
-416
-452
480
-139
-381
-380
-338
-455
-197
-338
-303
-503
-568
-352
-186
144
-366
-522
-518
-459
-185
-588
-470
-418
-226
74
-456
-483
480
-511
-529
-124
-291
-529
-434
-540
-304
-319
-235
-537
-511
-413
-286
-559
-527
137
-199
-322
-286
2
-312
-257
-263
-337
-446
-459
132
116
-346
-443
149
-585
-560
-162
82
-381
-488
-161
-150
-58
-433
271
-213
-571
-371
-224
-310
-281
-124
-274
-63
480
-253
-296
-18
-260
-44
-474
405
-247
-507
579
-590
-280
-307
-367
-490
-365
-454
-519
-137
-228
69
-406
-199
-586
-600
-335
-204
-512
-385
-445
-149
-437
-551
-150
-373
-529
-556
-378
-440
-580
-524
-232
-145
-300
-526
-452
-205
-254
-238
-518
-595
-495
-168
88
-553
-563
-366
-128
-581
-596
410
-476
-599
-210
-426
-365
-63
-211
45
-187
69
-421
-397
-433
-537
-474
-546
-356
-358
-351
-417
-428
-210
-200
-575
-18
-470
-319
-365
-446
3
409
-462
-551
-367
-558
-531
-164
-372
-188
-258
-224
-229
-571
-542
120
-351
-410
-353
-471
-526
-330
-404
-264
-128
-305
-477
82
-570
-295
-392
-583
-301
-201
-518
-536
3
-264
-69
-247
-243
-182
-579
-254
-578
-578
-575
-255
-258
-323
-308
-563
-372
-275
-56
-508
-366
-583
-278
52
-338
-487
-149
-330
-409
-31
-537
-210
-182
-554
-495
-62
-262
-579
-585
-490
-145
-327
-339
-334
-470
-267
-288
-185
21
-262
-303
-204
-343
-550
-572
145
-161
-64
-320
-406
-307
-258
-349
-438
-547
-56
-324
-258
-273
-582
-197
-496
69
-125
-411
-312
-509
-481
-546
-201
-374
-556
-225
-590
-555
-447
-576
31
137
193
82
194
263
-440
-358
-371
-111
-65
-156
-224
-274
-284
-598
328
-416
-182
-245
-301
3
149
-310
-389
-370
-182
-498
-518
-264
116
-500
-280
-204
-353
-501
-507
-584
-558
-139
-302
-161
3
-210
-309
-209
-278
-259
-328
-508
-300
-247
-365
-325
-373
-324
-542
-536
-448
21
-409
-434
-381
-442
-363
-263
-128
-69
-464
-348
-443
-401
116
-566
-529
-509
-245
-264
-443
-416
519
409
8
-64
-535
-58
-168
-434
409
-515
-492
480
-476
-508
-186
-308
-426
-548
480
83
-547
-157
-438
-574
-182
-263
-553
-472
-168
362
-588
-434
-451
-204
-149
-411
-275
-124
-150
137
-319
-201
-309
-106
-479
122
-36
-471
-572
-515
-253
-567
82
-300
-173
-393
-442
145
69
-542
-587
519
-507
-330
-65
-137
-461
-597
-536
-46
-125
-487
-113
-401
-570
-574
-204
-90
-361
-168
-600
-499
-164
-515
-187
-430
-487
-540
-377
-582
-305
-594
-460
-200
-404
-400
-312
-64
410
-563
52
-281
120
-275
-572
74
-546
-588
-426
-510
-489
-567
-197
-106
-514
120
-595
-229
-527
-535
-333
-365
-553
-145
-559
-161
-491
-271
-556
-304
-430
-295
-128
122
-131
-363
-411
-488
-332
-510
-344
145
-197
8
-244
-397
-539
-544
-337
-483
-199
-63
-402
-199
-63
-595
-361
-372
-229
-524
-87
-539
-490
-536
-325
-157
-84
-197
-516
-320
-549
-480
-500
-518
-231
-44
-137
-183
-574
-515
-483
-585
-512
410
-282
-417
-327
-371
-523
-537
-389
-430
-370
-581
-451
-409
-461
-149
-228
-474
-483
-493
-31
-253
-197
-596
-498
-281
-365
-398
480
-348
-337
-280
-578
69
-240
-262
-137
-540
-447
-44
-454
-200
-559
-185
-173
-459
405
-307
-344
-300
-323
149
-589
-422
-392
-450
-363
-320
-572
-597
-305
-572
-126
-486
74
-507
-491
-259
-173
-589
-400
88
-295
-498
-247
-490
-65
-410
-590
-501
-260
-526
-228
-491
-534
-440
-327
-570
-417
-235
-409
547
405
-259
-385
-396
-472
-550
-165
-93
-358
-586
328
-370
-253
3
-361
-546
-434
-597
54
-312
-462
-469
263
-85
8
-523
263
-594
-237
8
-548
-380
-84
-380
-349
405
-343
-149
-300
-337
-406
-464
-482
-196
-510
-471
-578
-396
-459
-247
-302
-64
-519
-168
-583
-377
-477
-527
-550
116
-226
-353
-428
-196
-596
-187
-544
-529
-227
-279
-459
-367
-418
-44
271
-262
547
-537
3
-370
-378
-562
-165
-309
-597
-121
-550
69
-377
-397
-503
-406
-531
-558
-344
-452
-240
-344
-482
-578
-510
-466
-493
-200
-345
-413
-433
-530
-131
-469
-581
-380
-126
-240
-242
-563
-275
-466
409
-505
-461
-332
-357
-501
-124
-183
-526
-237
-235
-286
-164
-479
194
2
-510
-254
-499
-374
-209
-307
-505
-591
-489
-209
-524
-526
-275
-303
-334
-594
-213
-409
-312
-498
-492
-562
-381
-392
-237
-489
-228
-511
-106
-3
-305
-62
-245
-531
-319
-595
-194
-367
-566
-204
-575
-125
-518
-353
54
-451
-597
-571
-373
-527
-36
-225
-312
-416
-278
-253
-229
-385
-574
-598
-531
-508
519
-570
-596
-244
-470
-401
-571
-500
-526
-402
-280
-597
-370
-411
-272
-183
69
-450
-273
-539
-582
-274
-366
144
-303
-378
-544
-187
-3
-409
-498
-288
-527
-291
-418
-226
-282
-518
-487
-568
-128
-301
-527
410
-411
-480
-357
-182
-149
-583
69
-343
-440
-568
-69
-480
-229
-328
-462
-437
-194
-505
-36
-325
-456
-389
93
-231
-558
-262
-486
-341
-571
-273
-225
-456
-56
-186
-460
-84
-319
-295
-492
-535
-586
-325
-335
-398
-281
-58
-346
-582
-554
-199
-258
-510
132
-332
-353
-537
-587
-398
-121
122
-63
-430
52
-466
-46
-546
-317
-411
-576
-580
-227
-482
-385
-325
-543
-507
-194
-211
-582
-536
-585
-576
144
-459
-534
21
-322
-156
-296
-486
-280
-267
-501
-334
-511
-161
-429
-493
96
-516
-224
-486
-377
-149
-366
-111
-379
-493
-18
-536
-36
-128
-337
2
-429
-401
-44
-450
-455
-280
-273
-366
-461
-466
-62
-276
-501
-343
122
-149
-499
-509
-437
-570
-555
-106
-381
-164
2
-372
-69
74
-280
-511
82
-492
-413
-165
-260
-483
480
-418
-546
-150
-530
-286
-599
-374
-259
-232
-128
-278
-113
-271
-322
-3
-245
-255
-554
-444
-247
-353
-85
-242
-481
-344
-600
120
-567
-228
-560
-302
-199
-188
-568
-278
-566
-238
-529
-370
-199
-477
-551
-512
-317
-529
543
-357
-398
-204
-400
-194
-201
-238
-410
-257
-18
-44
-243
-377
145
83
-121
-56
-567
-558
-310
-508
132
145
-338
-379
-351
-304
-562
21
-551
45
-590
-273
-320
-452
-496
-418
-417
-236
-121
-505
-568
579
-260
-235
-433
-559
-358
-267
-343
-300
-64
-549
-544
-429
-352
-213
-574
-346
-161
-46
-587
-430
-194
-490
3
-537
-308
-428
-358
579
-588
-461
-93
-549
-372
-599
-535
-209
-124
-416
-353
-596
-583
-233
-475
-443
-187
-303
-546
-566
-310
-474
-531
-529
362
-113
194
116
-582
-464
-536
-519
145
-58
-209
-568
-210
-58
149
-552
-199
-471
-461
-128
137
-330
-162
-284
-454
-358
-357
-361
-579
-437
-319
-173
-459
-410
-559
-544
-139
-489
-227
193
149
-344
-363
-242
-85
-562
-414
-456
-333
547
31
-456
-446
-274
-410
-188
-590
-64
-529
-366
-487
144
-56
-490
-205
-566
-583
-474
-296
-379
-286
-510
-323
-301
-549
-205
-583
-330
-188
-258
-124
-526
-351
-378
-477
-247
-56
-460
-126
-363
-393
-595
-245
-69
-591
-553
-584
-440
-90
-284
-548
-544
-327
-229
-137
-361
132
-245
-389
-168
-232
-586
-272
-476
-488
-512
-454
-371
-493
-211
-461
-85
-438
-428
-543
-225
-542
-592
-404
-139
-433
-489
-410
-225
-64
-487
-286
-529
-232
132
-583
-210
-139
-344
-240
88
-85
-474
-579
-46
-414
-335
-470
-495
-188
-63
-201
-563
-415
-518
-253
-540
-461
409
-253
2
-553
-353
-563
-257
-563
-524
-574
-319
-535
-162
-229
-487
-185
-131
-413
-475
-421
-211
-406
-307
-555
-253
-480
-501
-188
-351
-488
-327
-341
-558
-128
405
-544
-227
-363
-588
-309
-204
83
-471
-260
-563
-3
-586
-372
-173
-413
-475
-505
31
-352
-450
-599
45
-284
96
-162
-200
-518
52
-273
-328
-572
-284
54
328
-367
-454
-483
543
-124
-201
-253
-550
-469
328
-337
-56
-481
-126
-451
-90
-535
69
-247
-303
-566
-236
-568
-157
-498
-63
-461
-378
-365
-429
-536
-523
-560
8
-443
193
-247
-371
-402
-509
-346
-307
-574
-404
82
543
-460
-396
-254
-516
-523
-351
543
-279
-560
-348
-514
-544
-489
-275
-18
132
-371
83
-382
-429
-235
83
-56
-536
-58
-587
-584
-512
-288
-429
-461
132
-373
-575
-157
-113
83
-156
-186
-124
-131
52
-558
-526
-527
-430
-224
-396
-510
-555
-434
579
-113
-126
-188
-36
-473
-164
-558
-304
-121
-235
271
137
-508
-338
-31
-351
193
-547
-543
-477
-452
-542
-64
45
547
-243
-581
-351
480
-588
-149
-426
-211
-540
-462
-446
-551
-597
-434
-589
-479
-325
-205
-343
-124
-590
-377
-183
-193
-590
116
-440
-309
-447
-374
-327
-429
-235
-125
-454
-353
-442
-274
31
-546
2
-247
-271
-247
-187
-455
-414
-361
-509
-257
-480
-267
-448
-229
-524
-106
-282
-312
-193
-537
-477
-341
-308
-454
-501
-303
-401
-339
-496
-131
-599
-452
-574
-542
-377
-56
-64
-588
-363
-245
-380
-529
-519
-457
-303
-282
-534
-243
-161
-345
-460
-263
-168
-305
-559
-437
-496
-187
-547
-402
-410
579
-535
-197
21
-540
-505
-62
-580
-302
-599
-302
-196
93
263
74
-348
-231
-291
-210
-524
-231
-69
-263
-442
-204
-464
-145
-324
-585
-168
-446
-288
-422
-492
480
-137
-58
-257
-346
-282
-462
31
-361
-586
120
-547
-503
-586
-31
-235
-199
-421
-365
-429
149
-411
-584
-389
-574
-279
-204
-291
-578
410
-173
-312
-490
-275
-584
-187
-579
-549
-247
-510
-392
-275
-323
-84
-324
-498
-600
-363
-276
-475
-213
-382
-320
-556
-240
-406
-515
-237
-156
-162
-417
-157
-228
-492
132
-559
-343
-447
-500
-581
-414
-413
-501
-267
-229
-245
-275
-201
-442
-322
-113
-475
519
-567
-126
-126
-459
31
-480
-209
-556
-156
-187
-213
-499
-373
-335
-466
-128
-324
-296
-187
-553
-330
-164
-349
-258
271
-205
-327
-381
-236
-398
-113
-205
-200
-454
-462
410
-284
-493
-187
-275
-414
-534
-379
54
-366
-187
-474
-536
-397
-338
-594
-551
-562
-301
54
-300
-137
-445
-563
-524
69
-535
-552
-18
-205
-339
-570
-334
-469
-586
-351
-245
-168
-442
-358
-274
-186
-575
-209
-537
-247
-511
54
-563
-595
-36
-547
-524
409
-56
-93
-236
-482
-477
96
-353
-131
-225
-516
-566
-492
-544
-238
-385
-551
-263
-446
83
-371
-519
-454
-595
-44
193
-233
122
-237
-328
-276
-157
-351
-518
-84
-469
-448
-341
31
-343
-553
-358
-276
362
-406
-262
-357
-481
-540
-515
-229
-44
-338
-341
-477
-488
74
-183
-125
-259
-288
-596
-455
-137
-156
54
-389
-546
-392
-309
-244
-320
-418
3
-536
-121
-510
-440
-254
-338
-445
-165
-575
-595
271
-162
-275
-150
-598
-288
-378
-450
-231
193
-529
-542
-566
-500
-598
-418
-583
-56
-592
-210
-539
547
-260
-566
-496
-483
-90
-18
-157
-296
149
-559
-526
-393
-229
-334
-559
83
-93
-225
-551
-288
263
-370
-446
-396
-332
-472
-456
-131
-519
116
-124
-334
-307
-587
-549
-301
-531
194
-259
-194
-529
-312
-301
-3
-414
-288
-554
-583
-262
-31
120
-63
-372
-263
-284
-372
-288
-491
-470
-124
-131
519
-539
-418
-496
83
-481
-580
410
-131
-414
-351
-187
-310
-124
-519
-282
-365
-267
-64
31
-473
-472
-563
-231
-149
-464
-392
137
-210
-334
-393
-201
-488
-550
-365
-303
-496
-348
145
-209
-128
-595
-139
-267
-284
-227
-200
-237
-232
-162
-460
-84
-582
-330
-267
-232
-527
-537
-406
-459
-309
-187
-413
-366
-309
-348
-275
145
-291
31
-379
480
-417
-381
74
-300
-596
-589
-373
-90
88
145
-296
-243
-575
-585
-598
-186
-500
-400
-145
543
-549
-253
-257
-374
-333
405
2
-400
-301
-522
-254
-377
-328
-447
-448
-131
137
-356
-245
-500
-469
-309
-389
-535
-280
-242
409
-537
-90
-380
-284
-433
-309
-380
-345
-540
-524
-156
-243
-349
-322
-267
-328
-501
-356
-489
409
-415
-272
-310
-357
-560
-567
-522
-322
-124
-296
-418
149
-209
-223
-237
83
-301
-578
-540
-540
-111
-430
-551
-491
-303
21
-505
-370
-186
-512
-530
-204
-124
-226
-418
-243
-243
116
-36
-492
-448
-507
-349
-491
-501
-515
-380
-447
-346
-567
-539
-378
-87
-487
-401
-253
-397
-312
-309
-430
-85
-18
-367
31
-496
-260
-295
-93
-512
-312
-187
-549
-585
-205
-330
-3
-186
-459
-493
-349
-501
-574
-259
-537
-205
31
-555
-482
-381
-279
-501
-596
-482
-231
-258
-323
69
-295
-240
-209
-58
-600
-493
-473
-226
-480
-308
-328
-240
-495
-570
-209
-548
579
-421
-46
-361
-581
83
-90
-584
-489
-448
-421
-197
-264
-531
-319
-131
-472
-210
-389
-474
-479
-596
-271
-338
-186
-483
-308
-346
-173
-556
96
-121
-150
-580
-404
-583
83
-462
-288
-304
-304
-599
-529
-542
132
-312
-397
-197
-244
-128
-443
328
2
-300
-472
-31
-238
-466
-339
-308
-491
-312
-460
-240
-275
-447
69
-556
132
-481
-276
-581
-257
2
-273
-194
-46
-345
-447
-466
-507
-281
-587
-529
-393
-418
-488
-36
-551
83
-479
-556
-535
-3
-496
31
-554
-398
-505
193
-365
-509
-585
-448
-382
-145
-582
-479
-233
-402
-457
-516
-320
-492
-365
-213
-456
-312
-58
-531
-257
-518
-36
-243
-487
-582
88
-85
-397
-162
-291
-274
-245
-486
-417
-310
-286
-548
-581
-510
-351
-457
-552
-253
-363
-351
132
-385
-380
144
-524
-193
-409
-69
-310
-327
-328
-243
-585
-488
405
-332
-526
-337
-201
-473
-232
-514
-415
-131
-295
-397
-372
-562
-570
-271
-236
-200
-276
-568
-560
-44
-150
-337
-559
-194
-197
116
-255
-278
-247
-87
-444
-483
-237
-262
-237
-572
-90
-187
-385
480
-416
-594
21
-381
-582
-519
137
-282
194
-556
-322
-594
-510
-242
83
-332
-352
-240
-552
54
-312
-232
-585
-356
-599
-440
132
-320
132
-434
-245
-36
-455
-304
547
-308
116
-554
-44
-253
-271
-572
-341
263
-300
-563
-571
-483
74
-472
-457
-344
88
-382
-568
-334
-36
-526
69
-472
-588
480
-344
-46
-87
-456
-150
-156
-519
-373
-455
-233
-566
194
-165
-377
-339
52
-392
2
-182
-575
-572
-415
-267
-551
-301
519
-186
-240
-113
-244
-584
-327
-392
-183
-470
-36
-225
-571
-338
-452
-303
-553
-438
-149
-282
-370
-438
-280
-204
-581
271
-213
-575
-139
-156
-224
543
-589
-570
-457
-470
-272
-126
-161
-333
-300
-18
-462
-562
-457
-328
-599
-156
-247
-596
-308
-371
-65
-598
-542
-579
-474
-349
271
-302
-447
-402
-296
-357
-462
-168
-186
-530
-446
-156
-579
-205
-64
-480
-558
-567
-63
-199
116
-200
-346
-514
-562
-319
-226
-346
-168
194
-90
-361
-87
-514
-223
122
-231
-236
-324
-196
-84
-442
-211
-549
-445
-572
-279
-357
-446
-310
-493
-173
-445
-173
-404
-590
-200
-562
-417
-63
-378
-255
-489
-523
-503
-554
-401
-238
-529
-489
-245
-145
-443
-204
-93
410
-499
-600
-228
-418
-121
-182
-571
-542
-558
-535
-87
-320
-576
-307
-188
-231
-196
-486
547
-567
-18
54
-308
-330
-472
-240
-588
-438
-535
-322
-210
-479
-183
-505
-446
-304
-204
-442
-232
-511
-121
-161
-382
-264
-499
-18
-282
-370
-227
-85
-590
-44
-482
-90
-309
-455
-367
-46
-552
-84
-473
-235
-522
-456
-282
-598
-236
-113
-324
519
-343
-518
-540
-451
149
-330
-464
-223
-312
-267
-466
-210
410
-204
-477
-475
-595
-186
-288
-522
-584
-496
-63
328
-512
543
45
145
-460
-58
-498
-303
-462
-446
-456
149
-46
-357
-124
-585
-327
-397
-428
116
-150
-522
-188
-168
-185
-124
-237
-242
-406
-505
-353
-273
-409
-582
-3
-31
-392
-393
-58
-93
-529
-244
-137
-536
-274
-524
45
-433
579
-524
-231
193
543
-587
-402
-262
-447
-201
-527
-546
-254
-396
-225
-501
-137
-343
-404
-469
-406
-410
-305
145
-85
-531
193
-415
-483
-44
-330
-570
-457
-126
21
-547
-495
-543
-566
-514
-584
-161
-357
-437
-380
-456
579
-308
-582
31
-507
-295
-349
-444
-85
328
-457
2
-126
-585
-349
-579
-372
-428
-62
-46
-543
-324
-229
-592
-413
-515
-479
-433
-443
362
-295
-514
-227
-271
-150
-284
122
-291
-527
-255
144
-280
-583
-323
-455
-522
-210
-271
-574
-165
-164
-416
-447
-510
-421
-312
-563
-551
-257
-194
-327
-333
-372
-377
-401
-200
-505
-446
-572
-377
-264
-244
-443
-379
-487
-370
-253
271
-433
-226
-475
362
-378
-145
-162
-428
-571
-264
-284
-590
-262
-282
-371
93
-481
-426
-149
-36
-278
-284
-555
-367
-209
-495
-282
-137
-426
-510
-445
-480
-308
-421
-417
-199
-226
-486
-343
-550
-3
-229
-199
-433
-486
-595
-499
-581
-351
-267
-486
405
-555
-406
-264
-440
-542
-442
-193
-257
-286
-312
-456
-460
-534
132
-185
21
-526
-410
-547
-598
-402
-193
-499
-233
-476
-131
-503
-510
-18
579
-243
-339
-259
-559
-201
31
-482
-193
-263
-515
-592
-186
-156
-338
-65
-307
-527
-274
-600
-236
-411
-417
-240
-548
-233
-501
-31
-600
-312
-393
-226
21
-231
8
-317
263
-245
-348
-570
-205
-307
-188
-549
-422
543
-490
-339
-361
-499
-445
-459
-428
-36
120
-492
-262
-515
-291
82
-448
-308
-476
-568
-397
-58
-523
3
-503
-339
-516
-358
-324
-531
-380
52
-415
122
-568
-433
-440
-474
579
-546
144
-194
-358
-307
-353
-471
-196
-575
-264
-524
-578
-530
-227
-352
-475
-353
-512
-413
-567
-276
-365
-500
-406
-233
-535
-530
-224
-267
-374
-240
-594
21
-531
-555
-552
-452
-414
-447
-550
-85
-304
-402
-90
-483
-580
8
-333
405
-56
-309
-182
193
-448
-416
-128
-510
-320
-210
-370
-65
-279
-87
-322
-44
-125
-542
-522
-126
96
-225
-273
-247
-349
-201
-482
-46
-581
-488
-461
-461
-296
-62
-503
-291
-247
-503
-508
-444
-205
-480
-339
-300
-284
-225
96
-267
-307
-444
-582
-481
-244
-267
-196
-398
52
-310
-351
-337
-182
-389
-471
-366
-415
-556
-279
-320
144
-264
409
-236
-324
-519
-572
-349
-556
-44
-211
-476
-596
-442
-291
74
-503
-530
-562
-406
-264
-322
-111
-511
-262
-552
-542
-572
-505
-358
-415
-128
-242
-519
-164
149
-317
-197
-327
-491
-572
-433
-406
-301
-430
-291
-254
-307
-233
-380
-366
-446
-245
-349
-426
-36
-385
-18
-549
-322
-503
-472
-324
-499
-363
-474
-596
-361
-334
-126
-479
-398
-554
-349
-46
-302
-366
-279
-197
-450
-529
-247
-131
-576
-523
-193
-279
405
-232
-500
-278
-253
-255
-444
-416
-282
-46
-36
-474
-581
-588
-186
-540
-535
193
-455
-523
-421
-451
-307
-304
-164
-187
-410
362
-475
69
-550
-469
-415
-592
-44
-422
-495
-124
-305
-188
-85
-44
31
-482
-542
-356
-588
-194
8
-422
-280
-566
-483
-223
-563
-529
-489
-473
-238
-595
-522
-418
-281
-416
194
-185
-498
-182
93
-563
-211
-479
-339
-464
-450
-600
-429
122
-324
45
-470
-338
-492
-276
-301
-150
-84
-162
-438
-469
-124
-343
328
-442
-111
-197
-367
-113
-380
-410
-371
-488
-90
120
54
-64
-464
-247
-304
-224
-233
-121
-320
-488
-305
-323
-210
74
-553
-332
-562
-335
-587
-182
-487
-548
-200
-162
-414
-242
-539
-205
-93
-481
-447
-242
-31
-492
-257
-591
-554
-489
-421
-509
-334
-275
120
-373
480
-567
-472
-85
-429
-205
-242
-580
-598
-305
-196
-211
-257
-397
-337
-455
-409
-567
96
-225
-571
263
-113
-199
-535
-414
-263
-385
328
-492
-137
8
-581
-165
-18
-571
-583
-490
-401
-437
-600
-537
579
-404
-295
-447
-392
-451
-595
-305
-193
52
-451
-586
-224
-344
-492
-500
480
-552
82
-194
-236
3
-305
519
-378
137
-183
-274
-162
149
120
-537
-209
-562
-474
-187
-281
-548
-363
-349
-301
-188
-260
-235
-187
-378
-437
-113
-581
-592
-344
-352
-200
-356
-111
-514
-58
-243
-328
-548
-472
82
-397
-445
-495
-591
-233
-357
-445
-475
-235
-459
-563
-549
-415
-374
-124
-62
-113
-487
21
-592
-529
-228
-223
-182
-410
-428
-229
-393
-295
-296
-446
-428
-518
-582
-410
-351
-363
-149
-145
-469
547
-156
-508
-491
-260
194
-327
-236
-232
-534
-280
-389
31
144
-374
-229
-598
-586
-426
-282
-406
-396
-566
8
-258
-529
-337
-475
-3
-587
74
-235
-348
-536
-566
-145
-226
-348
-341
-385
-397
-571
-182
-444
-430
328
-501
-567
-473
-253
-296
-589
-63
-367
362
-185
-575
-429
-598
-491
-162
-352
-319
-31
69
-111
-279
-516
362
-575
-574
-563
-211
-46
-583
-578
-356
-503
145
-562
-389
-402
-263
-488
-549
-317
-589
-490
-182
-411
-596
-553
-429
-379
-486
-566
-204
2
-600
263
-401
-410
263
-65
144
-87
-257
-509
-201
-343
-421
-555
-568
-474
-555
-330
-200
-527
-378
-433
-324
-300
-339
-409
83
-259
-237
-595
-308
-223
-451
-447
-328
-598
-415
-479
-357
-3
-255
-194
-519
-126
-417
-204
-357
-542
-414
-512
-168
-537
-63
-400
-522
-291
-65
144
-448
-575
-36
-228
-113
-197
-357
-377
-353
-106
-576
-380
-501
-581
-307
-274
-213
-524
-534
-515
-260
-125
-62
-302
-397
-126
-346
-237
-224
-233
-575
-69
-245
-211
-245
-273
-308
-434
-225
-429
-488
-121
-353
-372
-286
-124
-156
-186
-187
-600
-304
-58
-378
-462
-470
-546
-205
-459
-451
-296
116
-566
-341
-574
-471
-338
-85
-579
-526
-309
-356
-196
-253
-223
-512
-330
-233
-44
-523
-549
-258
-434
-591
-456
-330
-319
-197
-455
-62
-85
-486
-566
-472
-499
-496
-447
-457
-481
2
-498
-229
-90
-524
-476
-361
-286
-349
-309
-64
-338
-373
-514
-125
-372
-352
-523
-488
-457
-519
-505
-459
-501
-531
-305
-591
-201
3
-456
-137
-363
31
-537
-579
-238
-510
-333
-552
-469
-503
-552
132
-247
88
-58
-231
-546
-304
-373
-226
-594
-259
-474
-489
-546
-332
-396
-473
-534
-325
-3
-433
-253
-414
-288
-310
-566
-544
-401
-596
-447
-519
-232
-446
-344
-576
-600
-279
-377
-505
519
-519
-540
-515
-139
96
-410
31
-378
-328
-327
-224
-474
-409
-477
-260
263
-278
-590
-417
-64
83
-139
194
-85
-288
-62
-581
409
-291
-236
-372
-235
-377
-247
-310
-398
88
-243
-267
74
-563
-168
-36
-531
-552
83
-584
-205
-459
-550
-459
8
-56
-500
-398
-469
-258
-264
-534
-378
271
-555
116
-479
-213
-312
-263
-495
-524
-480
-344
-363
-600
-317
-591
-444
-242
-501
-417
-597
-489
-31
-380
-200
-260
-322
519
54
-320
-231
-228
-496
-161
-187
-165
3
-345
-255
-508
-464
21
-161
-404
-345
-18
-343
-85
-588
-461
-519
-529
-482
-62
-182
-44
-344
-496
-263
-372
-228
-113
-210
-455
-150
263
-139
-452
-393
-333
-276
-428
-312
-85
-389
-183
-417
-164
271
-476
-156
-254
-474
-173
-483
-476
-563
-493
-226
-224
-482
-341
328
-185
-291
-301
-462
-185
-334
-243
-452
-430
2
-469
-505
-351
-566
-371
-555
137
-562
-516
-262
82
-429
-445
-197
-534
-598
93
-36
-335
-64
-571
69
-455
2
-418
-483
-584
-469
-358
-490
-429
-559
-255
-361
-501
-201
-300
-562
-322
-305
-392
-319
-563
54
-558
-332
-87
-300
-551
-586
-343
-242
-498
-492
-349
-128
547
-262
-286
-227
-228
-3
-279
-381
-542
-161
-245
120
-319
-257
-499
-445
-437
-516
-267
-302
271
-281
31
-379
-597
-600
144
-430
328
-574
-483
-345
194
-227
-93
-461
-531
-563
-410
-254
-205
-552
-18
-442
-415
-510
-271
-113
-547
-397
-223
-480
543
-554
-62
-128
-558
-85
-544
194
-518
-367
-428
-550
543
-334
-551
-302
-447
-523
-492
-300
-200
-595
120
-540
-499
-400
-197
-240
-44
-124
-295
-281
-480
-473
-560
-330
-278
-413
-253
-527
-595
-228
-496
-348
-579
-487
-125
-378
-428
-411
-121
-543
-418
-255
-149
-183
-481
-574
-578
-380
-442
-210
-448
-548
116
-459
-398
88
-415
52
-352
-580
-587
-346
-272
-58
-547
69
-535
-553
-552
-498
-591
194
-84
-600
-324
-562
-63
-503
-322
-357
-305
-305
543
-551
-232
-402
-185
-330
271
-84
-537
-418
-121
116
-600
-440
-482
-125
-474
149
-595
-466
-197
-286
-137
405
-281
8
-503
-516
-226
-211
-225
-46
-137
-367
-301
-139
-213
-516
-338
-46
-193
-487
-173
-434
69
-486
-183
-476
-543
-452
-509
2
-600
-462
-257
-322
-196
-335
-358
-320
-576
-288
-452
-392
-307
144
-330
-323
-568
-512
-496
-56
-578
-302
-443
-510
-589
-574
-572
-499
-36
-58
-31
-113
-279
-574
-580
-373
-493
-550
-199
-193
-568
-377
-367
-361
-64
-568
-278
-499
-466
-490
-225
-583
410
-444
-428
-495
-397
-259
31
-279
-235
-323
-535
-471
-413
88
-509
-46
-451
-346
-474
-400
45
-374
-367
-546
-511
-272
405
-254
-583
-598
83
-451
-397
-365
-447
-446
-406
-196
-455
-227
-549
-415
31
271
-243
-258
-357
-429
-472
-196
-334
-572
-328
-126
-516
-572
-452
-128
-121
-44
-182
-188
-243
-550
-471
-393
-490
-264
54
-486
579
-566
-337
-341
-305
-63
-597
-430
-262
-168
-379
-486
-422
405
-474
-235
-226
-322
-586
-492
-566
-422
-440
-581
52
-307
-319
-546
-185
-36
-534
-400
-373
149
-296
405
-594
-584
-568
21
-87
-397
-471
-279
-446
-272
145
-300
-168
-580
-574
-578
-549
-307
-225
-480
-284
-31
-466
-245
-406
-530
-576
-491
-459
-187
-236
-197
-487
-413
-544
-599
-381
-339
-211
-182
-196
-188
-558
-188
-472
-296
-527
74
547
-454
-393
74
8
-264
-491
-578
-397
-553
-421
-470
-434
-498
-444
-590
-240
-125
54
-576
480
-317
-486
-344
-224
-223
-489
-204
-374
-382
-450
-499
-595
-483
-281
-510
-204
-281
-416
-244
-333
-353
-194
-58
-483
-185
-187
-430
-371
-523
-583
-472
-128
8
263
-279
-164
74
-281
-416
-400
-464
-305
-583
-555
-493
-409
-377
-585
-543
-444
-44
-567
-472
-267
-260
-410
-496
-469
-437
-338
-139
-300
-150
-586
-296
-581
-333
-600
-18
-247
-417
45
-600
547
-363
-481
-466
-183
-515
88
-196
-585
-586
-335
-430
-233
-499
116
-515
-433
-486
-229
-459
-213
-227
-493
-385
-213
-487
93
-367
-210
-197
-273
-308
-244
-164
-327
-229
-380
-131
-337
-304
-455
-56
-600
-572
-567
-379
-245
410
-366
-333
137
-90
-262
-226
547
-345
-335
-370
-303
88
-437
-437
-295
-168
-549
-173
-346
74
-309
-204
-186
-576
-295
-324
-450
-464
-410
-588
-490
-344
-273
-389
-194
-599
-233
52
-443
-459
120
-227
-530
-445
-309
-434
-284
-523
-240
-530
-366
116
-406
-556
-480
543
122
-240
-434
-237
-537
-275
-514
-87
-392
-264
-93
-536
-346
-452
-546
-438
-291
-231
543
579
-165
-371
-200
-551
-556
-547
-162
-240
-334
-400
-275
-304
-205
-516
-361
-185
-162
-319
-349
122
-448
-279
-507
-495
-483
-204
-295
-18
-339
-524
-213
-260
-341
-544
-515
-128
-90
-284
-320
263
-156
-193
-62
-232
-93
-168
263
-469
-438
-382
-586
-352
8
194
-238
-186
-373
-301
-568
-549
-547
-452
-183
547
-437
-245
-410
-398
-457
-491
-161
-304
-378
-581
-464
-3
-334
-305
-229
-90
-461
-185
-371
-455
-531
-445
-182
-509
-490
-537
-462
-156
-327
-389
-456
-128
-563
-131
145
-440
-560
-69
-568
-210
-84
-543
-93
-330
-393
-339
-551
263
-574
-595
-560
-472
-574
122
-501
-393
-554
-572
-594
-421
-562
-566
-255
-583
-196
-128
-139
-495
-549
-379
-224
-302
-44
-333
-365
-228
-197
-555
-446
-566
-595
547
3
-398
-93
543
-595
-328
-56
-228
-551
-530
-507
-571
-232
-590
543
-255
-401
-349
-232
-389
-444
-353
-338
-426
88
-489
-566
-128
-44
83
-450
-183
-338
-272
193
-519
-348
-516
-288
-377
-396
-225
-262
21
-337
-416
-372
2
-324
-185
-296
-479
-197
-271
-272
-373
-301
-156
-566
-559
-351
-56
-476
-473
-339
-377
-367
-273
-18
-417
-121
-260
-84
-417
-281
-358
-535
-413
-536
-150
-515
-413
-474
-570
3
-125
-501
-429
88
-583
-125
-173
-490
116
-402
-260
-443
-442
144
-337
-537
-319
-356
-378
-596
-204
-145
-302
-571
-238
-194
-284
-264
-490
-454
-522
-161
-464
-240
-584
-451
-226
-358
-582
-507
-495
145
-64
-421
-592
-288
-476
-426
-307
-353
-322
-549
-139
-164
-480
-442
-486
-351
-65
-335
-379
-124
-325
-247
-264
-231
-437
-244
-237
69
-542
-259
3
-156
-339
-187
-182
-433
-304
-319
8
-356
-128
-319
149
-591
-460
-371
-554
-85
-529
-508
-65
-365
-495
-443
-335
-223
88
-373
-240
-446
-433
-379
-599
-300
-64
-542
-522
-254
-44
-498
-137
-515
-526
-363
-367
-543
-124
-389
-446
-483
-302
-402
-193
-508
-466
-139
-227
-271
-445
-566
-437
-482
-242
-397
52
-378
-585
-339
-486
-547
-378
-516
-357
-325
-358
-200
-542
-433
-113
-226
-325
-567
-139
-377
-519
-168
-560
-514
-411
-278
-165
-374
-243
-529
-303
-196
-87
-548
-406
-56
-579
31
-551
-278
-550
-560
93
-193
-257
-475
-351
-450
-69
-378
-451
409
-128
-338
-201
-448
-507
-187
-591
-200
83
-401
74
-581
-264
547
-356
-124
-253
-588
-398
-258
-522
-600
547
410
-600
-406
-512
-526
-415
96
-183
-498
-63
145
-542
-585
-543
-549
-370
-307
-330
-507
-428
-505
-240
-466
-124
-201
-128
-31
-572
-480
-125
-46
-553
-322
-36
-346
-507
-302
69
-563
144
-544
21
-571
-278
-466
-410
-546
-243
-309
-499
-247
-271
-156
8
-121
-291
-398
-46
-534
-508
-111
-165
-382
-317
-332
-575
-247
-337
-63
-348
-254
2
-472
-139
-18
-576
-442
-473
-282
-308
-562
-126
-131
54
-555
-372
-164
409
-421
-328
-566
96
-150
-437
-196
-546
-563
-537
-474
-455
-211
-257
-578
-324
-196
-125
-111
-490
-389
-333
-524
-356
-145
-304
-523
-522
-353
-3
-244
-566
-373
-275
149
-534
-515
-550
-398
-549
-414
-378
-128
-401
-537
-366
-402
-309
-562
-461
-492
-194
-255
-225
-187
-361
-416
-213
-157
-303
-583
-437
-253
405
54
-260
-164
-366
144
-536
-587
-204
362
-379
-445
-430
-106
-543
-275
-585
-549
-210
-446
137
-111
-503
-553
-596
-586
-312
-156
3
-546
-445
-550
-259
-199
-164
-537
-417
-205
-558
-445
-437
-58
-90
-262
-128
-472
-87
-62
-590
-128
-291
-319
-63
-235
-470
-428
-65
-324
579
-590
-56
-402
-491
-260
-229
-210
-339
263
-201
74
-531
-227
-365
-401
-330
-131
-586
-352
-444
-323
-470
-475
-182
-548
132
271
-505
-278
-406
328
-534
-337
-335
-238
-233
-558
480
-305
-124
-554
410
-548
-258
-286
-475
-186
-471
-503
-454
-264
-254
480
-295
-319
69
-562
-282
-161
-253
-455
-592
-444
-445
45
-226
-85
-365
-514
362
69
-187
-257
132
271
-357
-510
-351
-550
-599
-303
-113
-590
-579
-572
-356
116
-31
-351
-124
74
-586
-401
-46
-404
-456
-58
-570
-415
-491
-254
149
-583
-583
-182
-173
-69
-487
-330
-511
-600
-296
-529
-509
-210
-338
-402
-213
-555
144
-551
-524
-482
-493
-459
21
149
-44
-332
-301
-377
8
-503
-592
193
-398
-539
-328
-244
-426
-451
-291
-211
263
-469
-262
-255
409
-576
-508
-434
21
-487
-481
543
-589
-509
-421
-255
-429
-165
-599
-224
-530
-263
-434
-352
-213
-224
-262
-349
-591
-489
-591
-411
-531
-401
-281
-442
409
-461
-312
-507
-162
-224
-309
-309
-505
-211
-488
-291
-414
-498
-226
-322
-461
-456
-559
-482
-500
-446
137
-469
-469
-46
88
-156
-168
-543
-380
-445
-365
-599
-501
-288
-489
-378
-505
-547
-302
-260
-93
120
-279
-442
-291
-367
-322
-90
-255
543
-392
-516
-301
-258
547
-584
-481
-472
-597
-235
-291
132
-430
-597
-447
-244
-580
-258
-139
362
-584
-428
-572
-481
-156
-371
362
-507
-93
-282
-481
-288
-284
-415
-56
-352
-398
-433
-515
-284
88
-562
-482
-457
-444
-247
-254
-487
149
-475
-451
-447
-472
-243
-378
-276
-162
-235
-551
-466
-56
-238
-552
-547
-338
-367
-343
-516
-228
409
-113
-555
-165
-499
-303
-262
-358
-493
-586
-322
328
-563
-111
-457
-434
-344
83
410
-474
-161
-571
-157
-186
-437
-186
-161
547
-349
-240
54
-227
122
-227
-592
-288
-539
-461
-537
-543
-343
-464
-84
-433
-225
-590
-3
-416
-324
-303
-588
-139
-64
-582
-592
-437
-322
-320
-302
-389
-237
-476
-575
-415
-592
480
-542
-596
-63
-344
-346
-415
145
-196
-457
-542
-271
-296
-402
410
-62
-381
-585
-477
-555
122
-137
-363
-429
-353
-549
-551
-301
-371
-455
-240
-585
-352
-421
-113
-489
-262
-337
-121
88
-581
8
-451
-406
-262
-560
-233
-182
-546
-512
-257
193
480
-483
-549
-527
-227
-258
-260
-406
52
-111
-549
-233
-267
-530
-324
-378
-284
-278
-495
-524
-522
-446
-319
-310
543
-379
-571
-304
547
-579
-224
-540
-307
-452
-229
-56
-36
-409
-444
-599
-382
-197
96
-226
-446
-229
-516
-389
122
194
-87
-164
-443
-194
362
-223
-523
-572
-339
-581
-549
-518
-393
-574
-475
-596
-596
-430
-300
-182
-235
-539
-254
-255
-300
-58
-18
-284
-377
-327
-584
-575
-402
116
-516
-3
-308
-254
-409
-367
31
-554
-271
-530
-414
-322
-93
-173
-592
-357
-566
-462
-3
-444
-579
-560
-567
-456
-224
-582
120
-182
-466
-562
-401
-576
263
-456
-307
-379
-305
-499
54
194
82
-264
-457
-259
-489
-514
-131
-592
-356
-498
45
-259
-264
-438
-301
-238
193
519
-358
-527
-568
69
-581
-87
-421
-510
-486
83
-523
-479
-438
-124
-454
-404
-503
-237
-527
-571
480
-592
-498
-443
-546
-213
-481
409
-372
-382
-312
-245
-63
-553
-481
-84
-500
-531
-274
-330
-579
-586
-272
-243
-186
-511
120
145
410
-150
-150
-305
-380
93
-444
193
-58
-531
45
-440
-392
-271
-581
-303
-371
-62
-548
-145
-456
-548
144
-498
-410
-275
-452
3
-546
-524
-288
-275
-303
-470
-275
-492
-499
-370
-255
-183
-244
-400
74
45
-145
-446
-310
-240
409
-276
-600
-282
-150
93
-440
-334
-333
-124
579
-284
-69
-482
-334
-515
69
-335
194
-204
-579
-535
-447
-456
-511
-128
-64
-477
263
-346
-381
-187
-125
-568
-493
-62
-161
-556
-464
362
-337
-454
-512
-200
-325
-400
3
405
-477
-236
-588
-56
-199
-554
93
-188
-237
-596
-84
-165
-64
-286
-438
82
-454
-296
-366
-385
-371
-389
263
-591
-272
-413
-472
21
-486
-238
-397
93
-58
83
-312
-586
-488
543
-288
-398
-335
-93
-186
-406
-121
-18
-235
-327
-282
-496
-534
-396
-365
-304
-274
-223
-233
-385
-113
-58
-272
-417
-540
-397
-416
-471
-519
-428
362
-583
-578
-495
3
-446
-572
-106
-549
-272
-515
-560
-308
-590
-471
-409
-473
-509
-254
-418
-373
543
-534
-426
-466
-187
-529
-445
-455
-401
-365
-126
-455
-223
-168
-566
-588
-90
-64
-585
-426
-231
-373
-553
-253
-589
-309
263
-237
-400
-182
-446
-473
-185
-378
-466
-551
-487
-228
-205
-225
-433
145
-85
-452
137
-491
-244
-406
-473
-511
362
-161
-507
83
-553
-438
-402
-469
-501
-211
-558
-524
271
-581
-519
-476
-505
149
-237
-258
409
-555
-401
-272
-193
-353
-188
-469
-556
137
-434
-534
-534
-524
-124
-546
-361
-125
410
480
-549
52
543
-87
-591
579
-260
-588
-244
-303
-589
-575
-558
-526
-307
-229
-173
-257
-575
-187
-339
-157
-309
-442
-568
-349
96
-255
-213
-149
-471
-319
-470
93
-236
2
-509
21
-524
-282
-343
-483
-280
-182
-397
-397
-585
-366
2
263
-361
-547
-455
-496
-258
83
-562
-578
-197
-232
-260
-552
-333
-518
-243
-571
-302
-482
-31
-518
-238
-464
-200
-263
-264
-456
88
-466
-69
-568
-271
-111
-113
45
-303
137
-229
-598
-339
-65
-400
-555
-385
-185
-548
-510
-456
-69
-253
-540
-429
-149
-558
-505
-309
-64
-546
-309
-553
3
-571
-438
-450
-211
-456
-442
-396
144
21
-358
116
-442
-69
-469
122
328
-323
-493
-182
-397
-243
-300
-242
-240
-223
-164
74
-161
-371
405
-332
193
-576
82
-547
-389
132
-356
-554
543
-308
-139
-273
-186
271
-276
-578
-185
-267
-228
-286
-404
-558
-445
-282
-498
-452
-139
-308
-524
-36
-511
-438
45
-406
-317
-131
96
-113
-377
-529
-325
-486
-477
-556
8
-319
-56
480
-288
-317
-389
-62
-382
-455
-121
-491
-301
-554
-501
-472
-574
-157
-409
-472
-397
-378
-247
-490
-579
-303
-597
-553
82
-430
120
-397
-477
-308
-232
-273
-522
-511
-324
-404
137
-469
-437
-489
-396
-558
-238
-411
-128
74
-255
-90
-328
-343
-579
-422
-480
-514
-393
-187
-568
-253
-308
263
-366
-571
-303
122
-586
194
145
-295
-426
-284
-382
-512
-454
-475
-62
-85
-303
-255
-397
-344
-451
-380
-3
-559
-574
-65
120
-510
-385
-562
-209
-373
-253
-524
-445
-93
8
-149
-464
-466
-440
-377
-229
519
519
-3
-333
-211
-589
-356
-271
45
-187
328
-353
-385
-543
-271
-185
-156
-183
-446
-600
-401
54
-474
-361
-223
-413
-185
-555
-113
-164
-548
-437
410
-87
-262
-414
-400
-3
-106
-527
-397
-58
-128
-496
-358
-300
-263
-446
-93
-505
-477
-479
-466
-247
-188
-229
-309
-457
-510
-244
-490
-58
-62
96
328
-361
-379
-162
-555
-358
-58
-199
-382
-480
-379
-125
405
579
-233
-156
-580
-194
-185
-410
-186
-305
-334
-276
-164
-481
-443
-406
-149
-379
-519
45
-361
-482
-438
-274
-507
-430
-338
-530
-274
-443
-555
-210
-555
-452
-344
-599
-58
-546
-473
-430
263
93
-574
-433
-398
31
-421
-549
-126
-554
-411
2
-572
-413
-223
-157
-496
-145
-226
-254
-346
-121
-489
-454
-450
-373
149
-345
-429
-205
-567
-302
-334
-111
-508
-492
-475
-566
-451
-197
-310
-137
-307
-244
-454
-377
-205
-90
-540
-378
-490
-452
-540
-477
-281
-328
137
144
-531
-204
-58
-567
83
82
-187
-304
-546
-31
-566
-406
-363
-264
-262
-584
116
-335
410
-511
-575
-488
-333
547
-499
-255
96
-253
-572
480
-300
-257
-263
-450
-260
-590
-581
-456
-503
-592
-46
543
-540
-199
-233
-255
-531
-511
-457
-597
-566
-440
-284
-482
-162
-204
145
-574
-225
-209
-385
-389
-559
-255
-238
-486
-428
-341
-209
-540
-385
-442
-472
-235
-312
-487
96
-440
-514
-36
-183
-303
-505
-106
-341
-469
-46
-481
122
-501
-546
-339
-575
-308
-489
-548
-451
-323
-544
-302
-201
-590
-426
-338
-263
-594
-562
-509
-472
-437
149
-131
-307
-255
-280
-486
-300
-156
-464
-111
-379
-450
-514
-168
69
-349
-503
74
-522
-205
-307
-236
-555
-183
405
-232
-452
-348
-286
-492
-460
-320
-286
-443
-379
-353
-305
-401
-548
263
-58
-124
-471
-417
82
-278
-275
-267
145
-254
-418
-546
54
-433
-480
-223
-379
-322
-223
-483
-361
-430
-474
-240
410
-460
-459
-128
-542
69
-295
-550
-579
-275
-85
-363
-304
-392
145
-64
-511
328
-371
-276
-156
-515
-582
-379
-341
-490
-85
-507
-280
-496
-576
-322
-18
116
-3
-440
-149
-552
-201
-527
-275
-205
93
-451
-378
-231
96
519
21
-173
-433
-260
-372
-209
-570
-380
-372
194
-260
-389
-126
-469
-595
122
-69
-286
2
-62
-164
-385
-398
-519
-312
-323
-93
120
-357
-280
-500
-396
-334
-173
-188
-225
-587
-553
-562
-583
480
96
-402
-476
-464
-247
8
88
-413
83
-317
-186
-574
-157
-445
-404
-596
-448
-185
-229
-223
-433
-288
-374
263
-540
-474
-344
410
-452
-409
-205
-205
-296
-537
-324
271
-106
-254
-459
410
-185
-264
-552
-225
-480
-579
-523
-389
-333
-572
-572
-397
-531
263
-555
-164
-371
-598
122
-58
-438
-454
-205
-409
-389
-382
-263
-345
-63
-567
-433
-373
-570
-361
-328
-529
88
-330
-512
-240
-444
-558
-324
-466
-433
-240
-440
-491
-522
-131
-377
-450
-323
-280
-599
-183
-227
194
-361
-18
-539
-253
-445
-558
-258
